# name: data
# type: matrix
# rows: 4000
# columns: 3
 2.1676 2.3089 2
 -0.0687 0.0964 1
 -0.1507 2.0222 2
 2.4445 2.7419 2
 -0.0807 1.4948 1
 0.0568 -1.4165 1
 0.2991 0.7079 1
 0.1469 0.4577 1
 0.5598 2.2904 2
 1.3242 1.9875 2
 -0.7048 2.3522 2
 -2.4047 1.5747 2
 0.9369 2.3552 2
 -0.0061 -0.6664 1
 -0.3334 -1.7519 1
 1.6993 2.5755 2
 0.1974 2.1732 2
 0.7761 1.9907 2
 0.3057 -1.8967 1
 2.0237 1.4509 2
 -0.1819 0.9896 1
 1.4527 1.6425 2
 -0.3764 -0.7241 1
 -0.2187 -1.3775 1
 -0.1715 -0.7686 1
 -0.2374 -0.763 1
 -0.1796 1.1746 1
 0.4195 1.8152 2
 -0.3237 0.8331 1
 2.838 2.4881 2
 -0.7842 2.1959 2
 -0.016 1.012 1
 -0.4042 -2.4596 1
 -0.3596 -2.1307 1
 0.5096 2.3446 1
 -0.4228 2.1442 2
 0.569 -0.3452 1
 -0.0725 1.9695 1
 0.7033 -0.1385 1
 -0.6703 1.354 2
 -0.3955 -1.9998 1
 2.0767 1.7463 2
 -0.1426 0.8204 1
 -1.6134 1.5947 2
 2.372 2.2521 2
 -0.0536 -0.3122 1
 0.4762 -1.225 1
 1.7401 1.8765 2
 0.3433 2.2912 2
 0.0288 -0.2939 1
 -1.5005 2.2211 2
 0.2979 -0.1023 1
 0.5309 2.234 2
 0.0774 0.3962 1
 -0.7344 1.9101 2
 0.2862 -0.4482 1
 -1.0629 2.109 2
 -0.2108 0.8082 1
 1.3041 1.7485 2
 0.0047 -0.3512 1
 -0.8714 2.3222 2
 -0.3115 0.2522 1
 -0.08 0.3295 1
 -0.6321 1.8581 2
 0.4616 2.0215 2
 0.4229 -1.6741 1
 -0.3769 1.1478 1
 -0.0304 1.162 1
 -0.557 2.2472 2
 0.0653 -1.2958 1
 -0.7893 1.3056 2
 0.0144 1.2324 1
 1.1055 1.7843 2
 -0.4463 1.0482 1
 -0.1139 1.965 2
 -0.553 1.6855 2
 1.9182 1.5494 2
 0.2729 -0.3096 1
 -0.5961 0.2208 1
 -0.0509 2.0072 2
 -2.4665 2.5959 2
 -0.286 1.8185 1
 2.6562 2.0968 2
 -0.2209 -0.2653 1
 -0.5002 1.3364 1
 -0.1224 2.4288 1
 0.629 2.0513 2
 -0.4225 0.762 1
 -0.0219 1.5787 1
 0.1063 0.3106 1
 0.1988 2.0249 2
 0.438 0.8005 1
 -1.8384 2.2057 2
 0.6674 1.9058 2
 0.0825 1.8931 2
 0.2689 0.4455 1
 -0.404 2.0716 2
 0.8558 1.755 2
 0.1715 1.1871 1
 -0.1034 1.729 2
 -0.3304 1.8917 1
 -0.0977 -1.5998 1
 0.1888 1.4745 2
 1.4175 1.8392 2
 1.302 2.4512 2
 -2.6104 2.1984 2
 -0.7668 -0.6666 1
 0.0424 2.0505 2
 0.2043 -1.8202 1
 -0.0102 -2.5189 1
 0.012 1.9227 1
 -0.1875 0.3895 1
 0.238 2.0513 2
 1.4545 2.3064 2
 -1.5902 2.2631 2
 -0.1285 2.0782 2
 -1.7472 1.5981 2
 -0.1019 0.7007 1
 -0.0659 0.5544 1
 -0.5005 -1.2628 1
 1.1811 2.3515 1
 -1.5005 2.2211 2
 -0.0394 2.261 1
 -1.8396 1.9905 2
 -0.4801 2.1444 2
 0.4975 -0.8344 1
 0.0111 2.0016 1
 1.6779 1.9017 2
 -0.1265 0.2668 1
 0.0057 -0.4919 1
 -0.2451 0.7893 1
 0.1741 -0.2057 1
 0.6168 1.6389 2
 -0.189 2.1308 1
 -0.6195 1.1747 1
 0.2165 0.368 1
 -0.4943 0.7813 1
 2.6796 2.1097 2
 0.7402 2.0052 2
 0.1696 -1.1455 1
 0.0498 0.2773 1
 -0.0433 -0.4906 1
 0.8454 1.8749 2
 -0.542 2.8072 2
 0.121 -1.3413 1
 -0.579 1.2712 2
 -0.4824 -0.0064 1
 0.281 -0.8385 1
 -0.4499 -0.2039 1
 2.4147 1.6901 2
 0.037 -2.824 1
 0.1285 -1.8291 1
 -0.2217 1.8217 2
 1.2176 1.8058 2
 0.149 0.5504 1
 -0.0297 0.2695 1
 -0.3463 1.8731 2
 -0.3246 1.6209 1
 -0.4089 -0.4581 1
 0.8662 1.8264 2
 0.3185 1.4091 1
 -0.1682 2.1074 2
 -0.1257 1.635 2
 0.0728 -2.6755 1
 0.2546 -0.3173 1
 0.5799 2.2012 1
 -0.3681 0.2192 1
 -0.6977 2.0367 2
 0.3239 -0.2105 1
 -3.1362 1.8343 2
 -2.2849 2.4383 2
 -0.1745 0.5015 1
 -1.3214 1.7821 2
 0.0048 -1.5583 1
 -0.0735 2.2503 2
 -0.52 2.0559 2
 0.1243 -1.0883 1
 -0.3761 -0.3787 1
 -0.0467 -1.6427 1
 -0.3464 -2.402 1
 -0.2277 2.1304 2
 -3.1008 2.6434 2
 0.2694 -0.3069 1
 0.1818 2.0207 2
 -0.8584 0.0487 1
 0.1234 -0.5836 1
 -0.3368 1.9698 1
 0.1937 2.2138 1
 1.2827 1.8084 2
 0.235 1.1547 1
 -0.5041 -1.444 1
 0.2314 -0.4593 1
 -0.7714 -0.0971 1
 -0.1826 1.6157 1
 1.457 2.4648 2
 -0.0302 -0.1848 1
 -1.4143 2.1621 2
 -0.6542 2.7929 2
 0.0707 0.1396 1
 0.2937 2.2574 2
 -0.2704 0.7021 1
 0.562 2.0328 2
 -0.8834 1.4505 2
 -2.2873 2.199 2
 -0.3202 0.5127 1
 0.5109 -1.3692 1
 -0.1329 1.6666 1
 -0.1086 1.2316 1
 0.2024 1.2983 1
 -0.0192 -0.1733 1
 -0.224 2.4889 2
 -0.3196 -0.1503 1
 0.0154 0.6546 1
 0.3723 -1.52 1
 -0.1732 0.1034 1
 0.2706 -0.2334 1
 0.4543 -0.4282 1
 -0.127 2.1052 2
 -0.294 0.3953 1
 1.9857 1.7046 2
 -0.4357 0.1863 1
 0.346 1.9945 1
 -0.3728 1.8577 2
 -0.5185 2.6126 1
 1.8257 2.2428 2
 -0.0479 -0.1767 1
 0.2333 0.8011 1
 -0.8111 2.0514 2
 -0.736 -1.3056 1
 -0.069 -0.3809 1
 -0.4042 2.0891 2
 -1.4141 1.8852 2
 -0.0105 0.3557 1
 0.1492 0.0704 1
 -0.1366 -1.7564 1
 -1.2019 2.0644 2
 0.0873 -1.121 1
 -0.3813 -0.014 1
 0.3167 -0.3007 1
 -0.7006 1.9463 2
 0.218 -0.1584 1
 0.1594 1.2568 1
 1.4896 2.0727 2
 0.0314 -1.0561 1
 0.3297 2.5695 2
 0.184 1.9723 2
 -0.1226 0.6054 1
 0.4648 2.1435 2
 0.4153 -0.0156 1
 0.0428 -0.5718 1
 -1.18 1.6215 2
 0.2598 2.7747 1
 -0.1188 -1.0121 1
 0.0431 1.6307 2
 -0.0384 -0.5915 1
 0.8868 2.0543 2
 -0.1458 -2.143 1
 -2.0051 1.794 2
 1.7057 2.0473 2
 0.4102 -0.4835 1
 0.8497 1.7086 2
 -0.3033 0.6387 1
 0.9993 2.267 2
 -0.0668 1.4793 1
 -2.2095 1.5718 2
 -0.2696 1.7102 2
 1.5353 1.6967 2
 -0.9271 2.2442 2
 -0.0209 2.2044 2
 -0.206 0.6949 1
 -1.8163 2.6295 2
 -1.0723 1.7145 2
 1.1347 2.0261 2
 0.0233 1.8036 1
 0.3677 -0.164 1
 0.3263 -0.4704 1
 -0.3794 0.971 1
 -3.612 2.067 2
 -0.1251 1.577 2
 0.0345 1.4894 1
 -0.5178 1.2251 1
 -0.1783 2.1071 2
 1.3749 2.1352 2
 0.3124 1.6954 2
 -0.0517 1.2522 1
 -0.0403 -1.3133 1
 -0.199 -1.98 1
 -0.6079 -1.0522 1
 -0.0395 -0.1554 1
 2.1762 2.1252 2
 -1.2842 2.0125 2
 0.1037 0.8367 1
 -0.852 2.109 2
 -0.8384 2.0791 2
 -0.1488 1.9444 2
 -0.6416 1.2438 2
 0.1196 -0.4619 1
 2.364 2.1353 2
 0.0767 -1.0259 1
 -2.0235 2.1338 2
 -2.1161 2.4806 2
 -0.5921 0.0516 1
 0.4068 0.6927 1
 -0.3477 1.5363 1
 -0.9604 2.3533 2
 0.6052 0.8196 1
 0.1918 -0.7968 1
 -2.0206 2.217 2
 0.2589 -1.9442 1
 1.6315 2.2015 2
 0.3218 1.7553 2
 -1.127 1.9368 2
 -0.5774 2.8033 2
 0.1083 -0.5716 1
 1.7422 1.8472 2
 -0.9568 2.3941 2
 0.0437 1.8084 2
 0.0247 -0.4169 1
 -0.32 1.1992 1
 -0.0922 -0.53 1
 -1.2329 1.9949 2
 -0.2846 1.7787 2
 -0.365 -1.1202 1
 -1.1718 2.2472 2
 0.429 2.1935 2
 0.4462 0.4994 1
 -0.7149 1.4966 2
 -1.5069 2.1605 2
 -0.1744 2.6328 2
 0.1126 0.8925 1
 -0.8077 1.817 2
 1.9726 1.9894 2
 3.3807 1.9249 2
 0.1114 1.2756 1
 0.1633 0.4768 1
 -2.9057 2.1224 2
 1.6743 1.2789 2
 -1.0976 2.2445 2
 -0.3998 3.2568 1
 -0.6969 1.5064 2
 0.317 1.3156 1
 0.8439 2.1637 2
 -0.0298 0.4393 1
 1.0199 2.1663 2
 -0.0217 -1.9568 1
 0.5627 1.7852 2
 -0.3445 -0.781 1
 -0.4719 4.8827 1
 1.0463 2.0382 2
 1.3901 1.9706 2
 -0.2397 0.1369 1
 -0.1093 -0.426 1
 -0.3575 2.5709 2
 0.2383 -2.0583 1
 -0.5004 0.6123 1
 -0.1546 -1.1743 1
 0.7481 -0.7089 1
 0.2619 -0.7318 1
 1.3741 2.1241 2
 0.5944 2.4541 2
 0.2082 -0.0183 1
 1.1639 1.933 2
 0.0053 -0.9026 1
 -0.4356 -1.5549 1
 0.6613 1.8629 2
 -0.5712 0.6039 1
 0.2202 -1.9281 1
 -0.0974 -1.9199 1
 -1.2402 2.1251 2
 0.3706 2.2001 1
 -0.8941 1.9578 2
 -0.3425 2.8629 2
 -2.0039 1.4479 2
 0.0134 2.0479 2
 -0.2707 0.4994 1
 -0.8367 2.169 2
 1.0516 1.8976 2
 -0.051 -2.5341 1
 0.0533 2.0155 2
 -0.8755 1.7101 2
 0.021 0.0808 1
 0.8138 2.1024 2
 -0.3346 -0.0301 1
 -0.1791 -3.0744 1
 -0.3976 -1.3411 1
 0.6552 1.8014 2
 -0.9345 2.5328 2
 -0.3893 1.6897 2
 -0.13 0.2521 1
 -0.1972 -0.057 1
 0.2348 1.8254 2
 2.3271 1.4956 2
 0.133 1.0758 1
 -0.1557 3.6533 1
 0.5227 2.3181 2
 -1.9509 1.6161 2
 0.1899 -0.2967 1
 -0.1315 1.3935 2
 -0.3854 1.4619 1
 1.2276 1.9993 2
 -1.0219 2.1914 2
 1.3428 2.5073 2
 -1.5279 2.191 2
 0.0505 1.8258 1
 -0.2267 2.0457 2
 0.3227 -1.3144 1
 0.0691 2.4123 2
 -0.824 1.8571 2
 -0.2101 1.5838 1
 -1.3485 2.3618 2
 0.5162 -0.778 1
 0.085 -1.1639 1
 -0.0009 1.2749 1
 1.4295 1.721 2
 0.0991 2.2297 1
 1.3704 1.3116 2
 0.3434 2.07 2
 0.0214 3.1653 1
 0.3502 0.3311 1
 -1.4572 2.8052 2
 0.0732 1.1904 1
 2.5286 1.9645 2
 -0.1469 1.9643 1
 0.4447 2.0441 2
 0.4474 0.8609 1
 -0.0619 0.9526 1
 0.6133 1.9463 2
 0.4851 2.6802 2
 0.1809 1.8452 2
 1.5613 2.3111 2
 -0.3703 1.9854 2
 -3.1137 1.6749 2
 -2.0013 2.0864 2
 -0.0674 2.0716 2
 -0.0074 -3.8266 1
 0.2963 -0.1523 1
 -0.0814 1.9012 1
 -0.0234 1.5396 1
 0.1472 -0.8303 1
 -4.0495 1.3079 2
 0.0047 1.2303 1
 1.6993 2.5755 2
 -0.3848 2.1753 2
 -0.3405 1.9163 2
 -0.0507 -3.1255 1
 0.0934 -0.7842 1
 -0.2093 1.9874 2
 0.1575 2.1824 2
 2.0389 1.8758 2
 -3.5811 1.8108 2
 0.0859 1.2212 1
 -0.0445 -1.8638 1
 0.4997 -2.2619 1
 0.0424 1.0888 1
 1.3955 1.8458 2
 -0.9154 2.415 2
 0.3241 -1.4468 1
 0.7596 2.3799 2
 -1.2664 2.0242 2
 0.1619 1.1607 1
 -0.1962 2.2935 2
 -0.0864 -1.6898 1
 -1.8301 2.3951 2
 0.2052 1.6667 2
 -0.4868 1.4827 1
 0.0877 -3.0165 1
 -1.5688 2.4872 2
 0.3705 1.5612 2
 -0.2491 1.7231 2
 -0.6785 1.7483 2
 -0.5179 3.4873 1
 -0.6912 1.7049 2
 -0.0192 0.6182 1
 -0.1979 1.5333 1
 0.0235 -0.61 1
 0.6653 1.8004 1
 -0.2456 -0.3701 1
 -0.1994 -0.8621 1
 -0.5089 2.0695 2
 1.0378 2.4277 2
 0.2894 -0.3085 1
 -1.4159 1.5407 2
 0.6957 -0.5877 1
 -0.3574 -1.1421 1
 0.5485 1.8876 2
 1.1496 2.2038 2
 0.1515 -0.5486 1
 -0.1838 0.5251 1
 -0.3265 -1.6127 1
 -3.8108 1.6902 2
 0.8526 1.3775 2
 0.1172 -1.1417 1
 -0.3939 -0.689 1
 0.1264 -0.4605 1
 -0.1901 1.711 2
 -1.8547 1.0942 2
 -1.0758 1.5482 2
 -0.1887 0.8005 1
 0.4251 -0.0891 1
 -0.7567 1.9401 2
 -0.0408 0.954 1
 0.058 1.5839 1
 -0.3977 0.3054 1
 0.036 0.5175 1
 0.0542 2.6759 1
 0.3365 0.4606 1
 -0.0344 -0.2405 1
 -0.1336 -0.0524 1
 -0.0342 1.0473 1
 -0.0462 2.3784 2
 -0.0226 -0.4878 1
 -0.0243 1.301 1
 -2.3654 1.609 2
 -0.354 2.1449 2
 -0.3882 -1.7555 1
 1.4756 2.2219 2
 -0.1196 0.0078 1
 -0.2733 -2.1431 1
 -1 1.9233 2
 -0.424 0.4957 1
 0.1844 0.3156 1
 0.3181 0.4308 1
 -0.3541 -2.4517 1
 0.5482 -1.033 1
 0.6814 1.5936 2
 -0.1825 2.033 2
 -0.7442 2.0251 2
 0.3226 -0.5599 1
 1.5214 1.4641 2
 -1.4072 2.5013 2
 -0.1899 1.8559 2
 0.0964 1.5056 1
 0.1557 -0.4163 1
 -0.9562 2.1865 2
 1.7581 2.095 2
 0.4635 -0.8276 1
 0.1413 0.8085 1
 0.646 1.8995 2
 0.489 -0.0676 1
 -0.1062 1.5684 1
 -0.3951 -0.5238 1
 -0.3388 1.4175 1
 1.6908 2.3053 2
 -0.4422 1.3339 1
 -1.013 2.1701 2
 0.4646 -2.4889 1
 0.3158 -3.2692 1
 0.7639 1.9059 2
 0.5293 -1.9499 1
 1.6746 2.3319 2
 0.0623 2.0382 1
 -0.8431 1.9307 2
 2.0833 1.8724 2
 0.0545 0.9273 1
 -0.3254 3.7568 1
 0.5021 2.4357 2
 0.0996 -1.0992 1
 0.3136 1.282 1
 -0.007 0.3115 1
 0.1981 2.8501 2
 -0.141 -0.7153 1
 0.3267 -2.5249 1
 -0.0794 1.932 2
 -0.8541 1.89 2
 0.2565 -0.3316 1
 -0.1665 1.3736 2
 -0.08 0.3295 1
 0.4981 -0.2233 1
 1.5608 2.3314 2
 0.5169 0.4103 1
 -2.347 2.0384 2
 0.3292 0.3839 1
 0.3364 1.8099 1
 -0.8849 2.0235 2
 0.2765 -1.9657 1
 0.0044 0.2315 1
 0.2071 -0.0485 1
 1.0407 2.4337 2
 0.1277 -2.9152 1
 -0.0898 -0.6884 1
 0.3145 2.5698 2
 1.0363 1.8587 2
 0.1696 -1.1455 1
 -0.3143 1.6248 1
 1.4083 1.6424 2
 0.093 -0.4265 1
 -2.0641 2.0107 2
 -0.0675 -0.3928 1
 -0.8919 2.5639 2
 1.0264 1.9849 2
 -0.1255 1.115 1
 0.375 2.6651 1
 1.063 1.6825 2
 0.6019 2.3052 2
 0.3102 2.0764 2
 1.0313 2.4956 2
 -0.2693 -1.3739 1
 0.4441 0.8759 1
 -0.2328 0.9775 1
 1.5557 1.9138 2
 0.0142 -0.5187 1
 -0.5582 -1.0554 1
 0.5186 1.8167 2
 0.1213 1.6827 2
 1.8993 2.1922 2
 -0.4643 1.4435 1
 0.3496 2.3392 1
 0.5719 -2.2322 1
 0.2233 -0.9442 1
 -0.4498 0.8898 1
 -1.4555 1.8178 2
 -0.061 -0.4265 1
 -0.2609 -1.5533 1
 -2.2172 1.7626 2
 0.1143 -1.4963 1
 1.6139 2.4465 2
 -0.2306 2.2282 1
 -0.2562 2.2703 2
 -0.162 0.0198 1
 -0.2532 0.2968 1
 -0.1492 0.588 1
 -0.5732 1.0124 1
 0.7932 2.115 2
 -0.245 -1.6971 1
 -0.4711 1.7979 2
 0.3655 1.0456 1
 1.4302 1.7841 2
 0.424 -0.1325 1
 -0.1171 1.5597 1
 0.1533 1.7516 2
 -0.4425 1.261 1
 -0.0662 2.1686 2
 0.1226 2.2274 2
 0.0398 -1.7766 1
 -0.1791 1.8847 2
 -0.0919 0.5011 1
 -0.203 -0.9051 1
 0.1021 1.8023 1
 -2.0755 1.8625 2
 3.1001 2.35 2
 -1.5374 1.6827 2
 0.2162 1.825 2
 -1.6552 1.2244 2
 0.8249 1.7789 2
 0.2492 -1.6571 1
 -0.112 2.2242 1
 -0.3005 -0.6897 1
 -0.6344 2.5371 2
 -0.8499 2.4533 2
 0.2276 -0.3882 1
 -0.4819 0.3197 1
 -2.215 1.6049 2
 -0.2975 0.777 1
 -0.0816 -1.9372 1
 -0.1881 2.5311 1
 -0.9801 -1.5377 1
 0.4519 1.8293 2
 -0.4537 2.4703 2
 -0.4323 -1.1252 1
 -0.1237 0.2915 1
 -1.1218 2.8304 2
 -0.4537 2.4703 2
 0.0965 1.892 2
 0.4598 -2.7815 1
 0.2678 1.8175 1
 -0.0346 2.4826 2
 0.3459 -0.6721 1
 0.1578 1.4425 1
 0.0507 0.2965 1
 0.8198 1.9596 2
 1.7057 2.0473 2
 1.0724 2.2633 2
 -0.0515 2.1746 1
 -0.7293 2.1206 2
 -0.2796 2.2354 2
 -0.0732 1.7202 2
 -2.4939 2.1175 2
 0.287 2.0173 2
 1.4067 2.047 2
 1.6268 2.2775 2
 -0.3555 -0.5916 1
 0.0605 2.2716 2
 1.1863 1.954 2
 0.3454 2.0616 2
 -0.0735 -2.8369 1
 -0.1937 1.1132 1
 -0.0248 1.2475 1
 -0.0059 -0.9127 1
 0.3522 -0.2095 1
 -0.1311 -0.507 1
 -0.3378 -0.3495 1
 -0.0251 1.5459 2
 -1.3821 1.3332 2
 0.2041 -1.1631 1
 0.3556 2.1221 2
 -0.2317 1.8364 2
 0.155 -0.2866 1
 0.0527 0.7586 1
 0.0817 -2.8636 1
 1.3467 1.4238 2
 -0.1835 2.3789 2
 -0.0509 0.8119 1
 0.5505 1.9289 2
 -0.0138 -1.0309 1
 0.1145 0.3843 1
 -2.3942 1.7139 2
 -2.1253 2.789 2
 0.7273 1.8491 2
 -1.5752 2.492 2
 -0.19 -1.366 1
 1.0815 2.3296 2
 -0.5396 -0.8029 1
 0.7047 1.9125 2
 -0.1452 0.1717 1
 -0.3294 0.2054 1
 -0.077 1.7896 2
 -1.6029 1.7733 2
 0.7019 2.3518 2
 0.006 2.2133 1
 0.9134 1.8542 2
 -0.209 1.8332 2
 -0.7567 1.9401 2
 -0.132 1.9507 2
 0.1697 2.1125 2
 -0.1304 -0.21 1
 0.0539 -1.1639 1
 0.0452 1.045 1
 0.1208 2.6369 1
 -0.4158 0.924 1
 -0.9594 2.5145 2
 0.8114 2.1168 2
 -0.6055 1.9464 1
 1.4239 1.5965 2
 -0.0048 0.7253 1
 -0.1556 -0.5399 1
 -1.8466 2.1902 2
 0.9237 1.4205 2
 -0.5681 2.1135 2
 1.5098 1.6809 2
 -2.0069 1.9329 2
 -0.1636 -1.0139 1
 0.394 -1.8927 1
 0.4855 -1.653 1
 0.2409 1.3001 1
 0.7758 1.8168 2
 0.3978 2.1611 2
 -0.032 0.144 1
 -0.5927 1.9599 2
 -0.274 1.9658 1
 -0.2784 1.596 2
 0.0833 0.7058 1
 0.2159 -0.3313 1
 -2.7036 1.9536 2
 0.142 0.6913 1
 -0.8106 1.6044 2
 -1.083 1.5568 2
 3.4962 1.8827 2
 0.0712 -0.2881 1
 0.2624 -1.497 1
 0.2955 -2.8823 1
 -0.1165 1.6711 1
 -0.1158 4.389 1
 0.1012 -1.6148 1
 -0.0495 -0.1423 1
 -0.5923 0.9723 1
 0.0537 0.2577 1
 -0.3019 -1.0278 1
 -0.2956 0.2048 1
 -0.2544 -0.3657 1
 -2.1257 1.6098 2
 0.1722 -0.6571 1
 -0.2347 -0.5129 1
 -0.3338 1.1828 1
 -1.2661 2.0969 2
 0.3269 0.213 1
 1.6193 2.2825 2
 0.6943 1.8357 2
 0.605 1.9163 2
 -0.0134 -0.2074 1
 -0.0746 0.0092 1
 -0.6933 1.7453 2
 -0.2731 -0.4078 1
 0.191 1.5302 1
 -0.0751 0.6347 1
 0.3095 -0.5926 1
 0.0972 2.416 1
 0.1654 1.5884 2
 1.2579 1.9582 2
 0.0647 1.8367 2
 0.3427 2.1677 2
 0.0452 -0.4347 1
 1.4782 2.2722 2
 0.2477 2.2503 2
 -0.0787 -1.3283 1
 -0.7334 1.922 2
 -0.0987 -2.2254 1
 -0.4021 -1.2541 1
 -0.3881 1.6503 2
 2.526 1.8352 2
 1.5548 2.3581 2
 -0.305 -1.7483 1
 0.115 -0.0681 1
 -0.3239 -1.5502 1
 0.6072 1.5137 2
 0.1233 -1.7541 1
 -0.1988 -2.2523 1
 0.1377 1.4361 1
 -0.0846 1.2043 1
 1.2171 2.0034 2
 -0.1543 1.6455 1
 -0.3867 2.0639 2
 -1.16 1.9201 2
 -0.2703 -2.4151 1
 -0.1949 -1.334 1
 -0.9575 2.1135 2
 0.7482 2.6353 2
 -0.1616 2.0444 2
 -0.1972 -1.0724 1
 1.2107 1.8501 2
 0.1939 -0.7205 1
 -1.1032 2.2656 2
 1.5384 1.8568 2
 -0.1389 1.8834 1
 -0.3372 0.8056 1
 -0.5843 2.4714 2
 0.3771 -0.3548 1
 -0.1477 0.3067 1
 1.8665 2.425 2
 -0.1296 2.1497 2
 -0.4126 1.8539 2
 1.5056 2.2845 2
 -3.2132 2.3068 2
 -2.3622 2.052 2
 0.4879 2.3539 2
 1.3469 1.869 2
 0.2693 2.36 2
 1.5855 1.7555 2
 -0.006 1.7056 2
 0.1891 3.3516 1
 -0.0131 -2.0073 1
 3.2747 2.0848 2
 2.2034 2.1723 2
 0.279 -1.2898 1
 1.2625 2.3391 2
 0.1323 0.8707 1
 -1.7614 2.0593 2
 0.5661 2.0104 2
 -1.5174 1.7481 2
 0.9185 2.5511 2
 1.5936 2.3185 2
 0.9754 1.9788 2
 -0.2172 -0.5924 1
 0.4965 1.7737 2
 -0.1366 1.8183 2
 -0.3673 -1.3996 1
 -0.2146 1.9082 2
 -1.545 1.618 2
 -0.1106 1.0153 1
 0.0197 0.4646 1
 -0.176 2.2517 1
 -0.0014 1.096 1
 2.1267 1.9184 2
 -0.1103 -2.1358 1
 0.2155 0.6213 1
 -0.6321 1.8581 2
 0.5213 1.9956 2
 1.2823 2.1842 2
 0.2379 1.6135 2
 -0.0783 -0.3373 1
 2.1267 1.9184 2
 -0.8547 -0.6781 1
 -0.0544 0.9149 1
 -0.1536 -1.0376 1
 -1.5133 2.1865 2
 -0.0914 2.2945 2
 -0.1131 1.0545 1
 0.6732 -1.7968 1
 0.3299 0.5148 1
 -0.3783 -0.404 1
 -0.2826 2.9157 1
 0.2318 2.5463 1
 0.1317 2.7711 2
 0.68 -0.3238 1
 -2.9099 1.9994 2
 -0.9271 2.2442 2
 1.9461 1.7174 2
 0.0544 0.1298 1
 -0.1825 2.1588 2
 -1.863 2.2756 2
 -0.1121 0.0732 1
 0.0258 2.1326 2
 1.5873 1.8709 2
 0.1138 3.0204 1
 0.3443 -0.3827 1
 -0.9255 -0.6298 1
 1.2314 2.0317 2
 -0.8397 1.9723 2
 -2.2581 2.0363 2
 -0.1015 1.8701 2
 0.1318 2.1684 1
 -0.2731 -0.4078 1
 -0.2819 1.198 1
 0.4826 -0.3131 1
 0.1644 0.9707 1
 -0.2502 2.3547 2
 0.0712 0.1193 1
 -0.2701 2.0237 1
 -0.4736 2.0478 2
 0.1747 0.6084 1
 0.7301 2.1232 2
 1.4106 2.0682 2
 -1.7457 2.4341 2
 -0.2595 0.5017 1
 0.3859 2.0798 2
 -0.9976 2.3396 2
 -0.1958 -0.7362 1
 0.3101 -0.0476 1
 0.0171 -0.9693 1
 -0.5196 0.9496 1
 -0.4077 2.0399 1
 0.0441 1.1803 1
 0.01 -1.8773 1
 1.2227 2.0481 2
 -0.2816 1.8993 1
 -2.3742 1.9751 2
 1.7537 2.0779 2
 -0.6648 1.9169 2
 0.083 2.0186 2
 0.256 0.7728 1
 -0.293 -0.1636 1
 0.4305 -1.2666 1
 0.5351 1.6465 2
 0.358 -1.6677 1
 -0.406 0.6295 1
 0.1586 2.1457 2
 0.6954 1.2423 1
 2.7218 2.5588 2
 0.142 0.6913 1
 0.1092 2.0802 2
 -3.2707 2.2931 2
 0.0472 3.0581 1
 -0.0654 -0.4576 1
 -0.3896 -0.8016 1
 0.1496 2.405 2
 -2.168 1.9736 2
 1.4718 2.0536 2
 0.0338 -1.7219 1
 -0.1574 0.7654 1
 0.1004 0.5093 1
 0.2051 4.1075 1
 -1.8642 1.8723 2
 -0.0319 0.1951 1
 -0.153 -0.6275 1
 0.1409 1.2223 1
 0.4599 -0.3491 1
 -0.0852 -1.0114 1
 0.0656 -1.0867 1
 -2.9297 2.1406 2
 0.3871 0.6784 1
 -0.2205 0.5984 1
 -0.7531 2.3309 2
 -0.9409 2.4871 2
 1.3107 1.9818 2
 -0.194 -0.2702 1
 -1.1888 1.8377 2
 -0.6059 1.6345 2
 0.1527 -2.9787 1
 0.1261 2.3908 2
 0.3788 0.39 1
 0.0346 -0.417 1
 0.1095 2.4008 2
 -0.182 0.3903 1
 0.8577 2.2056 2
 0.0266 -1.4492 1
 0.0156 1.5333 2
 0.2256 0.0523 1
 1.1755 1.6581 2
 0.2248 -0.2827 1
 -0.5116 1.9962 2
 -0.4755 1.6565 2
 1.0826 2.0037 2
 -0.6378 -0.8443 1
 -0.0865 1.2342 1
 -0.2639 -0.2156 1
 0.0076 -2.4535 1
 0.0913 0.4493 1
 -0.1741 -1.2035 1
 0.3575 2.5746 1
 0.4387 0.851 1
 -0.4407 2.2129 2
 0.5874 1.8272 2
 0.0494 -1.0822 1
 0.0929 1.1211 1
 0.4579 2.2312 2
 0.0915 -0.5657 1
 -0.4314 -0.1264 1
 -0.0423 -1.6761 1
 0.521 -2.8083 1
 0.6602 2.5791 2
 -1.5628 1.8983 2
 0.3912 2.1776 2
 -0.3094 0.1488 1
 -0.1218 2.3623 2
 0.009 0.0553 1
 1.3371 2.1485 2
 -0.0758 1.9359 2
 2.3538 2.2062 2
 -0.4687 0.1041 1
 -0.215 1.9789 1
 2.231 2.1958 2
 -0.3617 0.3438 1
 -0.2378 -1.1547 1
 0.158 1.8238 2
 0.0408 1.4896 1
 -0.0714 0.1955 1
 1.0013 2.2348 2
 0.5658 0.0397 1
 1.5066 1.7914 2
 1.7373 2.0718 2
 -0.6395 1.9189 2
 0.4131 1.7279 1
 -0.0985 -1.7904 1
 -0.2214 0.9536 1
 -0.3126 1.9016 2
 1.5613 2.3111 2
 -0.2763 1.8605 2
 -0.3637 2.0948 2
 -0.0254 -0.0333 1
 -1.1916 2.1654 2
 -0.0209 0.9236 1
 -0.3514 0.6819 1
 0.0208 0.8433 1
 -1.9562 1.8572 2
 -0.1762 0.5966 1
 -0.1822 2.1554 1
 0.0133 -1.6093 1
 -1.3761 2.3218 2
 0.1013 2.2419 2
 0.4886 1.8902 2
 -4.0765 2.4577 2
 0.3206 2.1087 2
 -0.328 -0.7343 1
 -0.5644 -0.2571 1
 -1.1335 1.7852 2
 0.3171 -0.436 1
 0.0462 -0.0742 1
 -0.8223 1.4747 2
 -0.9952 1.8841 2
 1.9483 2.4097 2
 -2.3868 1.6135 2
 0.4168 0.4685 1
 -0.3325 -1.3038 1
 -0.4242 -0.8635 1
 0.4169 1.425 1
 1.8217 1.9224 2
 1.5915 2.3338 2
 -0.5642 2.2518 2
 -2.7054 1.8068 2
 0.2079 0.1828 1
 0.4095 1.5057 2
 0.1119 -1.128 1
 0.8024 1.7856 2
 -0.0463 2.321 1
 1.6714 1.4126 2
 -0.3151 2.4604 1
 0.7622 1.6835 2
 1.2983 1.7561 2
 -0.2528 -1.0643 1
 1.8179 2.0978 2
 0.6129 0.0278 1
 1.7495 1.818 2
 2.4446 2.1285 2
 0.0989 0.8747 1
 0.5408 1.828 2
 -0.0252 1.2019 1
 0.3188 -0.3184 1
 -1.5373 2.2005 2
 -1.4467 1.9198 2
 1.8217 1.9224 2
 -0.3076 1.4065 1
 1.4492 2.0243 2
 0.9114 2.5558 2
 0.4943 2.5452 2
 -0.1083 0.2325 1
 1.0719 1.5906 2
 2.5109 2.248 2
 -2.3094 1.8002 2
 -1.944 1.268 2
 -0.1502 2.175 2
 -0.0319 1.7873 2
 -0.234 -1.1975 1
 0.4072 1.902 2
 -0.4774 2.0623 2
 -0.5759 1.0061 1
 0.0695 1.9622 1
 -0.209 0.7637 1
 -0.0857 1.864 2
 0.4079 -0.0321 1
 -1.2217 2.3666 2
 1.1741 1.8675 2
 0.2896 2.0221 1
 -1.9704 2.0937 2
 0.2453 1.7905 1
 0.2609 2.0063 2
 0.3671 0.8525 1
 0.2708 0.7348 1
 1.639 1.4038 2
 0.1101 0.2323 1
 1.6218 2.1872 2
 0.6164 1.9706 2
 -0.1222 -0.3015 1
 2.4389 1.3423 2
 -1.2206 2.3894 2
 0.0238 2.354 1
 -0.4554 2.7501 1
 -0.0855 -2.0636 1
 -2.0329 1.6685 2
 1.6423 1.9172 2
 0.1356 1.881 2
 0.0829 -1.0169 1
 0.6088 -0.9007 1
 -0.4294 2.1297 2
 -1.9477 2.1341 2
 2.8087 2.103 2
 0.4 -0.5424 1
 1.2468 2.2501 2
 -1.8053 1.7322 2
 -0.1587 0.8017 1
 0.362 1.8052 1
 -0.652 0.9125 1
 -1.9764 1.4811 2
 0.1558 -0.3792 1
 -0.2182 1.6831 2
 -1.3733 1.5325 2
 0.4999 2.2922 2
 -0.2641 -0.1752 1
 -1.2748 1.8923 2
 0.035 1.4974 2
 -0.0702 -1.2483 1
 -0.2043 -1.6874 1
 1.1867 1.5213 2
 -0.6769 2.1251 2
 0.9109 2.1316 2
 -0.3712 1.9994 2
 0.8078 1.5327 1
 -0.5145 1.8195 2
 -0.2262 0.4602 1
 -0.6395 -0.1957 1
 -0.2949 -0.2391 1
 0.2278 -0.0636 1
 -0.1628 -1.3963 1
 0.6188 1.8973 1
 1.273 2.367 2
 -0.766 1.581 2
 -0.0993 0.3385 1
 0.3126 -1.8156 1
 0.1461 -0.9559 1
 -0.2351 -2.2622 1
 -0.1479 2.6073 1
 -0.4341 2.0371 1
 -0.4208 -1.4844 1
 0.7014 1.0961 1
 -0.9055 1.645 2
 -0.2282 0.2023 1
 1.3112 1.4765 2
 0.0929 1.7601 1
 -0.1281 1.9591 1
 -0.1941 -2.0758 1
 0.0577 1.7716 2
 1.1653 2.4153 2
 0.3588 2.5018 2
 0.0515 -0.5582 1
 -0.0992 -1.173 1
 -0.1007 1.0181 1
 -0.4686 1.9397 2
 -0.1219 -0.3532 1
 0.8016 2.076 2
 -1.1389 1.4491 2
 -0.4565 1.9455 2
 0.6306 0.4985 1
 -0.1244 -0.6013 1
 0.3203 0.1594 1
 -0.6483 1.7894 2
 -0.8772 1.877 2
 0.8123 2.0451 2
 0.507 2.642 1
 2.3813 2.1547 2
 -0.1122 -1.0319 1
 0.4105 1.6808 2
 -0.91 1.801 2
 -0.2999 -1.082 1
 0.1075 -0.5157 1
 -2.342 2.1452 2
 0.0204 2.2603 1
 0.1666 -1.6664 1
 -0.0591 1.0676 1
 0.1687 1.544 2
 2.1157 2.1897 2
 0.1827 2.6607 1
 -0.0621 -0.2311 1
 1.8426 1.8157 2
 -0.3972 1.5865 1
 -1.4869 2.2188 2
 -1.062 2.2542 2
 0.1238 1.2782 1
 0.4857 1.9707 2
 -0.2488 -1.6227 1
 -0.8836 2.4076 2
 -1.5978 1.719 2
 -0.0551 1.1397 1
 -0.4622 0.5506 1
 -0.0564 0.7398 1
 0.5862 2.0641 2
 -0.573 0.5067 1
 0.9469 1.7786 2
 -0.8115 1.4467 2
 -0.3244 -0.7448 1
 0.1576 1.3496 1
 1.6285 1.8697 2
 3.0141 2.0549 2
 -0.6644 1.6952 2
 4.0792 1.8865 2
 0.0409 0.2982 1
 0.6832 -1.9376 1
 2.3624 1.8059 2
 -1.238 2.4983 2
 0.1008 0.3238 1
 0.4656 2.0874 2
 -0.236 1.2362 2
 -3.5373 2.0909 2
 -0.2726 2.1449 2
 2.5864 1.7535 2
 -0.2713 1.9381 2
 -0.0575 -0.2867 1
 1.7026 1.6844 2
 -0.1761 -1.2902 1
 -0.0962 2.3205 1
 0.3096 -0.71 1
 2.434 1.9977 2
 -0.9906 2.7426 2
 0.2929 -1.5512 1
 1.5302 1.6353 2
 0.2693 2.36 2
 -1.3967 1.9324 2
 3.5371 2.1409 2
 -1.7768 2.4189 2
 -0.0845 1.4128 2
 -1.8813 2.186 2
 2.4533 2.2708 2
 0.2174 1.7987 2
 -1.1102 1.6811 2
 0.3767 1.9979 2
 0.2126 1.9722 2
 0.179 2.7497 1
 1.1755 1.6581 2
 0.337 -0.8522 1
 -0.4456 -1.4644 1
 0.2001 0.1882 1
 -0.0098 -0.1957 1
 -0.0866 -1.0312 1
 0.3471 -0.8841 1
 -1.2031 2.0632 2
 0.2219 -1.004 1
 -0.5381 -0.4239 1
 0.0614 -0.3983 1
 2.1898 1.9318 2
 0.1444 1.362 1
 0.2697 0.8799 1
 0.2857 1.7474 2
 0.7448 -2.0014 1
 2.264 2.6345 2
 -1.7755 1.8866 2
 2.9632 1.9926 2
 0.0663 -2.2512 1
 0.4741 2.0103 2
 -0.1457 1.8157 1
 0.3483 1.4941 2
 0.1049 1.5003 1
 0.3515 0.9444 1
 -1.3497 2.5407 2
 -0.2374 1.4553 2
 -0.2708 1.7976 2
 -0.2101 -0.6916 1
 0.4519 1.8293 2
 -0.0107 1.7279 1
 -0.1639 -1.0045 1
 -0.0437 0.7363 1
 -0.2307 -0.5 1
 0.4873 1.4951 1
 -0.1415 2.4463 2
 -0.8441 0.2329 1
 0.9848 1.7793 2
 -0.0389 -2.1633 1
 0.0701 -0.2679 1
 -0.2136 -1.1142 1
 -0.1153 -0.2426 1
 -0.1499 2.3072 2
 -0.3681 -2.5044 1
 -0.0666 -0.7169 1
 -0.5791 -0.76 1
 -0.378 -0.8765 1
 -0.3241 -0.8681 1
 -0.6467 2.6185 2
 -0.36 1.9334 2
 -1.7854 2.295 2
 3.2878 2.1034 2
 -1.7152 1.6497 2
 -0.4409 2.1148 1
 0.7378 2.6197 2
 -0.119 0.4583 1
 0.0467 1.3791 1
 -1.9328 2.1159 2
 -0.4029 1.0075 1
 -1.4201 2.094 2
 1.7746 1.6154 2
 0.2195 -0.7754 1
 -0.2209 -2.417 1
 0.6815 2.31 2
 0.8379 1.9585 2
 0.5952 0.6774 1
 -0.1296 -1.8048 1
 -1.0745 1.28 2
 -0.2574 2.0563 2
 -0.0468 2.5012 2
 -0.2958 2.0407 2
 0.4256 -0.5767 1
 0.1589 0.0994 1
 -0.1236 1.3387 1
 0.0752 -0.8779 1
 -2.645 2.1498 2
 0.8386 2.5452 2
 -1.2662 2.2802 2
 -0.7208 1.4624 2
 -0.2504 -1.3491 1
 -0.609 1.3793 1
 -0.0064 0.5597 1
 0.1263 1.9932 2
 -2.0477 2.0094 2
 1.4785 2.3478 2
 0.004 -0.1255 1
 -1.6291 1.9979 2
 0.1661 0.537 1
 -1.9047 1.8919 2
 0.4324 -1.604 1
 -0.723 1.9803 2
 -2.5892 2.2438 2
 -0.0387 1.8578 2
 -2.4047 2.1588 2
 -0.0109 0.6907 1
 -1.1328 2.0588 2
 -0.1931 1.7215 2
 0.3689 -0.971 1
 0.1114 1.3123 1
 -0.1072 1.7769 1
 1.147 2.1523 2
 0.0985 0.1663 1
 0.8563 1.9664 2
 -0.0583 -1.2072 1
 0.6054 1.9476 2
 0.1621 -0.6668 1
 1.4952 2.0794 2
 0.1361 1.0163 1
 0.1875 1.526 1
 1.1431 2.2322 2
 0.44 0.0449 1
 0.0149 -1.5258 1
 -0.0474 -4.2451 1
 -0.541 0.2867 1
 0.3137 2.374 2
 -0.2237 2.2032 2
 -0.9495 2.0605 2
 0.1396 -2.8773 1
 -0.422 1.9057 2
 -0.8375 1.5986 2
 0.5314 1.3829 2
 -2.2602 2.1759 2
 0.3251 -1.0372 1
 -0.6764 2.2306 2
 -1.0091 2.4231 2
 -0.1653 2.4785 2
 -1.7072 1.707 2
 -0.4881 1.1554 1
 2.9573 1.7465 2
 -0.2509 1.9934 2
 -0.4974 0.5883 1
 0.6131 1.7341 2
 0.752 1.4106 2
 0.0227 -0.3282 1
 0.4447 -2.0863 1
 0.0777 2.1323 2
 -0.2081 -0.2263 1
 0.7453 2.0637 2
 -0.3492 2.1198 2
 -2.0577 1.9522 2
 2.2737 2.6483 2
 -0.1401 -1.1244 1
 0.3927 -0.1149 1
 -2.4127 1.6881 2
 -0.0303 -1.6248 1
 -0.1209 -1.1854 1
 0.3943 -2.478 1
 -0.511 2.274 2
 0.8699 2.051 2
 -0.1642 -1.6227 1
 -0.1132 0.1116 1
 1.0692 2.5564 2
 -0.3589 3.4936 1
 0.195 2.0884 1
 -1.1119 1.6881 2
 -0.383 -0.132 1
 0.3151 0.2535 1
 0.0449 -1.0946 1
 -1.1555 2.0019 2
 0.507 2.642 1
 -0.0499 2.486 1
 -0.0602 2.5394 1
 0.3065 2.3885 1
 -1.7133 2.6187 2
 0.2102 0.4699 1
 -0.2432 2.4063 2
 0.2471 -1.8931 1
 -0.248 1.1936 1
 -0.1301 0.7877 1
 1.5371 1.9804 2
 1.4903 2.2479 2
 -0.5478 1.3681 2
 0.0933 2.6105 1
 -0.4061 -1.8754 1
 0.6532 1.3601 2
 1.4785 2.2243 2
 0.4613 0.8707 1
 2.7626 2.092 2
 -0.5211 -0.3814 1
 0.2978 0.4517 1
 0.0346 -0.417 1
 -0.1127 -0.2466 1
 -2.3678 2.0991 2
 0.3672 3.9551 1
 0.1417 0.4596 1
 1.2859 2.0033 2
 0.0446 0.1346 1
 0.3501 -0.1787 1
 -0.488 1.9034 2
 0.502 1.3353 1
 0.1187 1.4007 1
 -0.1389 -0.808 1
 0.0984 -1.221 1
 -0.2898 2.3752 2
 0.1126 2.1467 2
 0.0197 0.4646 1
 0.0524 -0.8952 1
 -0.192 -0.7404 1
 -0.1113 1.9904 2
 0.158 -1.2046 1
 -0.0328 -0.455 1
 -0.0465 2.8329 1
 0.9256 2.7162 2
 0.0991 -0.4442 1
 0.9734 1.9957 2
 0.1361 1.0163 1
 -0.3884 1.6156 2
 -0.0672 0.0894 1
 0.3372 0.0404 1
 -0.6416 1.9133 2
 1.0877 1.6899 2
 0.3818 1.8817 1
 -0.1337 -0.2778 1
 -0.2937 1.7377 2
 1.859 1.4318 2
 0.2664 1.4765 1
 -0.1713 1.8428 2
 0.4018 -0.7475 1
 1.9165 1.394 2
 0.0921 2.2415 1
 -1.4985 1.8323 2
 -0.2518 2.2801 1
 0.7302 1.8404 2
 0.7515 1.9772 2
 -0.5843 -4.1753 1
 0.8335 1.7182 2
 -0.158 0.7508 1
 -0.1131 -0.0531 1
 -0.258 2.2366 2
 0.603 1.7935 2
 0.3248 1.6451 2
 0.1893 -0.6731 1
 -0.0899 0.6755 1
 0.2788 -1.4604 1
 -0.1816 -1.7428 1
 0.6956 1.1206 1
 -0.2489 3.1064 1
 0.1594 2.4711 2
 -1.2506 2.3124 2
 0.366 2.164 2
 0.2798 2.2318 2
 -0.0183 -1.6992 1
 0.0965 0.431 1
 -0.7842 2.3036 2
 -0.0727 1.1551 1
 0.4064 2.1785 2
 -0.9829 2.2614 2
 -1.7518 1.9711 2
 0.7987 -0.0479 1
 0.1603 -1.5491 1
 -0.1739 -1.0705 1
 -1.5757 1.8868 2
 0.5448 0.3273 1
 0.2398 -0.5035 1
 -0.7553 2.256 1
 2.0346 2.1918 2
 0.0921 1.4707 2
 -0.1689 2.0157 2
 -0.9214 1.6266 2
 2.9879 1.543 2
 0.1033 1.1628 1
 -1.6134 1.5947 2
 0.7932 2.4915 2
 -0.1918 0.7248 1
 0.0704 2.1143 2
 -3.8704 1.463 2
 0.0915 0.0397 1
 0.1886 -2.4005 1
 0.0645 -0.844 1
 -0.3499 -1.5591 1
 -0.06 1.9085 2
 -0.09 0.8931 1
 -0.1068 0.3238 1
 0.3355 1.8731 1
 0.1098 -0.3068 1
 1.5791 2.552 2
 1.0059 1.4208 2
 0.6531 1.8384 1
 -0.7903 2.0327 2
 0.573 2.1929 2
 -2.6565 1.9251 2
 0.3062 1.7685 2
 0.2183 -1.3909 1
 -0.0184 1.9311 2
 -0.3406 1.9415 2
 0.244 -0.6339 1
 -0.1663 0.3996 1
 0.1607 -2.2728 1
 0.3505 -0.108 1
 -0.2681 0.8074 1
 -0.0455 1.3314 1
 0.5405 -0.5001 1
 -0.0382 1.0331 1
 0.4166 1.0189 1
 0.6763 1.92 2
 -1.1189 2.238 2
 0.2756 2.1158 2
 0.0965 0.431 1
 1.7318 1.9632 2
 -2.4178 1.6971 2
 0.0709 1.01 1
 -3.0327 1.719 2
 -0.0516 1.9662 2
 0.4099 1.5799 1
 0.1127 0.908 1
 0.136 0.6135 1
 -0.5946 0.8903 1
 -2.1631 2.0433 2
 2.49 1.8704 2
 -0.1488 2.1301 2
 0.0115 2.401 2
 0.9127 2.4708 2
 0.3656 -1.0033 1
 0.246 2.0638 1
 0.1425 0.3744 1
 0.5633 1.5241 2
 -0.2313 -1.7406 1
 -0.242 -4.2001 1
 3.4638 1.2329 2
 -1.0573 2.11 2
 0.1593 -1.2121 1
 -0.0534 -0.224 1
 -0.5579 -0.8031 1
 -0.1841 1.7572 2
 0.2204 0.1415 1
 0.3296 0.855 1
 0.7904 2.0597 2
 -1.5676 2.0654 2
 -0.4934 -3.0817 1
 -2.8492 1.6372 2
 0.3561 0.7787 1
 0.1058 1.7769 2
 -0.1521 -0.0334 1
 2.596 1.9187 2
 0.1333 -4.1082 1
 -0.2249 0.3787 1
 -0.5843 -1.6567 1
 -0.2132 -1.4209 1
 0.1434 1.0225 1
 0.473 1.7682 2
 -0.0351 -1.1939 1
 -2.362 1.7885 2
 0.6437 2.0212 2
 0.1253 0.9206 1
 2.8007 2.256 2
 -0.3243 0.4765 1
 -0.2823 1.4724 1
 1.0825 2.1496 2
 -3.1779 1.8999 2
 -1.2157 2.6261 2
 0.2765 -1.9657 1
 -0.203 -0.3764 1
 0.8563 1.5041 1
 -0.0138 0.561 1
 0.8338 2.189 2
 0.2527 0.7111 1
 -0.2527 -2.2474 1
 0.3106 0.5124 1
 -0.0685 -0.6241 1
 0.3395 -2.3667 1
 0.3219 -0.927 1
 0.4315 -0.0279 1
 0.2776 -0.3658 1
 0.2977 1.5789 2
 -0.0974 0.6903 1
 -1.6762 1.9589 2
 -1.0821 1.8115 2
 0.6862 2.6402 2
 -2.596 1.8423 2
 0.5939 1.462 2
 -0.9312 2.1285 2
 0.2156 0.3271 1
 -0.7149 1.4966 2
 -1.017 2.126 2
 -0.1557 3.6533 1
 -0.077 -0.3203 1
 -0.5939 0.9809 1
 -0.4467 2.3654 2
 0.0297 2.236 2
 -1.8334 2.1808 2
 -0.3403 -1.3907 1
 -1.4128 1.9435 2
 1.5024 2.0181 2
 -0.4689 1.7559 2
 0.0498 -0.266 1
 -2.0916 1.312 2
 -0.4304 1.7946 2
 0.1496 2.405 2
 -0.3418 1.1019 1
 0.3277 2.1913 2
 0.2415 1.7582 1
 -0.1354 -1.6773 1
 -0.1326 0.5259 1
 -0.3467 -2.9443 1
 -0.5921 0.0516 1
 -0.816 2.3453 2
 -1.8081 2.3075 2
 0.0398 -2.524 1
 0.1165 2.0968 1
 0.18 -2.8987 1
 0.3303 0.4997 1
 0.1576 0.0687 1
 0.3496 2.3392 1
 -0.2396 -0.4106 1
 -0.0703 -0.3782 1
 -0.3107 -0.6952 1
 -0.901 1.9649 2
 0.1652 2.6766 1
 0.189 1.2712 1
 0.8928 2.0327 2
 0.1338 -1.2293 1
 -0.14 -0.2935 1
 0.0062 2.0735 1
 -0.8023 -2.0955 1
 -0.6884 -1.0904 1
 -0.0675 -0.3928 1
 -1.3405 2.4696 2
 0.452 -0.0969 1
 0.0142 1.5364 2
 -3.0869 2.6996 2
 -0.7318 1.8855 2
 -0.1457 -2.317 1
 0.1354 -1.5685 1
 0.2932 2.1607 1
 -0.5221 2.0033 2
 -1.3958 2.2691 2
 -0.4906 2.5851 2
 -2.1277 2.2397 2
 0.1218 -0.5724 1
 -0.2645 3.1164 1
 -0.2783 2.4547 1
 0.5743 2.1326 2
 0.1051 -1.4902 1
 0.3009 2.1587 2
 2.9671 1.9195 2
 0.6675 2.7964 2
 0.0464 0.479 1
 0.4457 -0.2017 1
 -0.1855 0.2375 1
 0.1405 1.0435 1
 -0.1131 -0.6947 1
 -0.3058 -0.1336 1
 -0.6891 2.0729 2
 -0.2354 0.4211 1
 -0.2868 -2.7376 1
 -0.2074 1.7669 2
 -0.304 2.2619 2
 -1.3384 2.0908 2
 -0.0376 1.5887 2
 -0.0192 -0.2207 1
 0.0427 2.254 2
 -1.1346 2.0927 2
 -2.4662 2.3609 2
 -0.0106 0.0133 1
 0.41 2.2984 2
 0.4855 -0.6831 1
 0.882 2.4466 2
 0.5293 -1.9499 1
 1.8234 1.8347 2
 0.8164 2.1331 2
 0.4803 1.6778 2
 -3.8997 2.5385 2
 1.0328 1.6635 2
 0.348 -0.7531 1
 2.4951 2.2883 2
 0.1135 -2.3491 1
 -0.9137 2.0743 2
 -1.8235 1.54 2
 -1.7636 1.874 2
 0.181 1.5397 2
 0.0099 1.8453 2
 -0.2247 2.2505 1
 -0.9094 1.9417 2
 0.1486 0.2062 1
 -0.1985 0.3803 1
 2.3712 2.0522 2
 -0.6492 2.3843 2
 -3.5373 2.0909 2
 -2.045 2.0461 2
 -1.7518 1.9711 2
 2.3011 2.183 2
 -0.1068 -0.7139 1
 2.0609 1.9877 2
 2.5115 2.0741 2
 0.0997 0.614 1
 0.2237 -2.0133 1
 -0.3575 1.5992 1
 0.3015 -0.7823 1
 -0.1892 -0.4816 1
 -1.0713 2.1835 2
 2.4028 1.7613 2
 -0.2389 -0.421 1
 0.3008 2.162 2
 -0.1025 2.1659 1
 0.0064 1.8753 2
 -0.309 1.748 2
 1.1213 2.0164 2
 -0.0997 2.1556 1
 0.3203 0.1594 1
 0.4585 1.7225 2
 0.251 -2.3792 1
 -0.5767 2.5414 2
 -0.8251 0.0697 1
 0.0456 2.2641 1
 0.6909 1.6342 2
 0.0919 1.062 1
 0.4603 -0.0162 1
 0.056 1.9457 2
 0.2798 2.118 2
 0.4924 2.332 2
 1.1461 2.2638 2
 1.3977 2.2396 2
 0.1574 1.8082 1
 1.1789 1.4647 2
 -0.0433 0.423 1
 0.5259 2.1786 2
 1.6554 1.9798 2
 -0.1441 -2.4349 1
 0.0241 -0.024 1
 2.0935 2.1083 2
 0.3535 0.4421 1
 0.1534 -0.3657 1
 0.3237 -1.7832 1
 -2.6996 2.0455 2
 -0.1495 1.7291 2
 -0.8073 1.9419 2
 0.5732 1.9212 2
 -2.3446 1.8637 2
 0.2149 2.0784 2
 0.4544 2.5113 2
 0.9613 2.7049 2
 1.8928 2.2487 2
 -0.0634 1.2871 1
 0.2441 2.2697 2
 -0.0711 -0.8633 1
 0.0791 0.5719 1
 0.5271 -2.1963 1
 1.4047 1.6763 2
 -0.6205 1.5745 2
 -1.7846 2.6677 2
 -0.6456 2.278 2
 0.4853 0.781 1
 0.1271 1.8585 2
 0.2022 -3.05 1
 -0.2161 2.1835 2
 -0.8161 2.1876 2
 1.0405 1.9123 2
 -0.062 2.1619 2
 -0.5632 -2.4608 1
 0.6298 1.8711 2
 -0.1116 0.9137 1
 -0.216 0.8974 1
 -0.2789 1.4091 1
 0.0213 -0.6311 1
 1.6125 2.2831 2
 0.0454 -1.0497 1
 -0.4894 2.3069 2
 -0.1306 0.3332 1
 -1.1659 2.3707 2
 1.9695 2.2063 2
 0.4764 1.8442 2
 -0.0463 -2.3707 1
 -0.2275 1.1926 2
 -0.8921 2.3367 2
 0.7932 2.115 2
 -1.4858 2.4986 2
 -0.1389 1.8834 1
 3.7362 2.409 2
 -0.1448 -0.8322 1
 -0.0303 -1.3054 1
 0.3277 2.1913 2
 -0.2456 0.0165 1
 -2.5799 1.485 2
 -0.3454 -1.4338 1
 1.1149 1.713 2
 1.3685 1.818 2
 0.2562 2.299 2
 -0.1334 0.1662 1
 -3.2889 2.4579 2
 -0.0619 0.4632 1
 -3.0011 2.2442 2
 -0.0128 0.2509 1
 0.8438 2.4384 2
 0.0832 0.4729 1
 0.5896 2.0779 2
 1.1554 1.9632 2
 -0.1856 2.3676 2
 0.3574 -1.0066 1
 -0.0424 2.2668 2
 0.5946 1.5761 2
 -0.6386 1.5458 2
 -2.4598 1.6728 2
 0.0028 1.741 1
 0.2045 1.6044 1
 1.4272 2.4887 2
 -0.4571 0.6246 1
 -0.0633 1.6653 1
 -0.175 0.2412 1
 -0.4725 0.1251 1
 0.1992 2.2959 2
 0.2271 2.4226 2
 -1.8992 1.3554 2
 0.243 1.8495 1
 -0.6126 1.4245 2
 0.4859 -0.6147 1
 2.2289 1.4858 2
 0.054 3.0672 1
 0.3209 3.4159 1
 0.2421 2.1915 2
 -0.0909 -0.2607 1
 1.044 1.9294 2
 0.3476 0.2927 1
 0.1029 0.0861 1
 -0.6874 2.2936 2
 -0.4669 2.3415 1
 0.0843 -1.2859 1
 -0.2293 1.6703 1
 -1.9553 2.1874 2
 -0.2259 1.9779 2
 0.0957 0.497 1
 0.1782 -2.9522 1
 0.5437 2.3184 1
 0.3722 -0.0152 1
 -1.6712 2.7885 2
 -0.4141 1.787 1
 -0.8008 -1.5194 1
 0.4561 1.8378 2
 1.2983 1.7561 2
 0.1725 -0.5527 1
 -0.2322 -1.0018 1
 0.0014 2.4753 2
 0.2871 1.1465 1
 -1.3577 2.5337 2
 -0.5685 2.0776 2
 -0.0423 1.9411 2
 0.3657 -1.7485 1
 -0.2568 -2.5438 1
 -3.4278 1.8696 2
 -0.2921 -1.6926 1
 0.5976 2.0415 2
 1.005 2.0252 2
 -1.4787 2.3877 2
 0.7076 2.1603 2
 0.2097 0.7014 1
 0.4809 2.5282 2
 -0.0187 2.5182 1
 0.6923 2.0247 2
 2.1544 1.8332 2
 -0.8298 -0.6752 1
 0.2171 2.0082 1
 -0.26 2.1864 2
 -1.3497 2.5407 2
 -0.5744 2.7858 1
 -0.0548 1.8397 2
 -0.0237 -0.0988 1
 -0.306 1.9559 2
 0.646 1.9015 2
 0.3279 -1.0962 1
 -0.0089 -0.0077 1
 0.0074 -0.4025 1
 -0.2152 0.4543 1
 0.2661 -0.1104 1
 0.2303 0.1708 1
 -0.3346 -0.0301 1
 -0.4063 1.9168 2
 -0.3543 0.0781 1
 -1.7843 2.3701 2
 -0.0979 -0.3605 1
 0.2148 1.8111 2
 0.1371 2.1283 2
 0.824 1.7331 2
 0.3088 1.6492 2
 -0.1455 1.2928 1
 -0.1314 -0.4188 1
 2.7381 2.1606 2
 -0.3509 -1.3127 1
 0.5559 1.8745 1
 0.348 -1.726 1
 -0.5738 2.0476 2
 -0.2564 2.5307 1
 -0.167 0.8466 1
 0.1303 -0.8598 1
 0.7404 1.6883 2
 0.0799 2.0369 2
 -0.0612 0.4385 1
 -0.0362 0.7749 1
 0.101 1.975 2
 0.5266 1.6975 2
 0.1166 -0.0115 1
 -0.3967 0.8543 1
 2.736 2.0192 2
 -0.3084 -1.5076 1
 0.0774 -3.3518 1
 0.4769 -1.1638 1
 0.532 2.4832 2
 0.129 1.4359 1
 -0.2248 0.6723 1
 -0.0967 3.0894 1
 0.2103 -2.0526 1
 1.2012 2.3242 2
 -1.2216 1.5349 2
 -0.1294 0.643 1
 1.4672 1.9109 2
 0.2722 0.1299 1
 -0.5371 1.744 1
 -1.9607 2.0716 2
 -1.7068 2.1017 2
 0.0441 -2.333 1
 -0.3474 0.0345 1
 -0.0973 0.9552 1
 0.2274 -0.0877 1
 0.6485 2.134 2
 0.3782 -2.4 1
 0.2144 -0.8252 1
 -0.3714 1.6832 2
 -0.3365 2.1211 2
 -2.1084 2.234 2
 -2.1516 2.1433 2
 -1.1159 1.4958 2
 -0.2173 -0.852 1
 -0.1439 -2.5195 1
 -0.8754 1.8639 2
 0.2003 -0.465 1
 -0.2026 -0.0597 1
 -0.0401 2.1291 2
 -0.0666 0.7351 1
 -0.1866 -3.6504 1
 -0.9175 1.5488 2
 0.37 -2.0375 1
 0.0743 0.0167 1
 -2.2016 2.017 2
 0.4853 0.781 1
 -0.7818 1.7929 2
 2.3048 1.4025 2
 1.1738 1.605 2
 -0.0397 1.7422 2
 0.1368 -2.0981 1
 0.367 1.7071 2
 0.5024 2.1459 1
 -0.0377 1.3825 1
 -0.1439 0.1801 1
 0.0461 1.6061 1
 -0.1369 0.6237 1
 2.6261 2.1063 2
 0.05 0.4423 1
 0.1367 -0.4677 1
 -0.0197 0.8285 1
 0.4977 1.0323 1
 0.2304 0.2046 1
 -0.1232 -2.253 1
 0.1403 0.3244 1
 -1.1459 1.7785 2
 0.5013 1.7492 2
 0.0046 -0.1609 1
 -0.053 0.7176 1
 -0.7455 2.2256 2
 1.7437 2.2991 2
 0.1334 1.5044 2
 0.4883 1.614 2
 1.1863 1.954 2
 -0.0187 1.5406 1
 -3.3932 1.8198 2
 0.0954 0.2768 1
 -1.3494 1.769 2
 1.9152 2.1568 2
 1.8382 1.6726 2
 -0.6066 1.424 1
 -0.1304 0.6448 1
 0.596 1.755 2
 0.3372 -0.2322 1
 0.0461 1.6061 1
 -0.3082 1.9418 2
 0.2117 -0.3673 1
 -1.0852 2.3582 2
 0.3456 1.8993 2
 0.0216 0.974 1
 0.1737 0.7781 1
 -2.6311 1.7065 2
 -0.1647 1.6434 1
 0.1413 2.4186 2
 -0.8576 1.4907 2
 2.0991 2.2291 2
 -0.9959 1.8646 2
 -2.3498 1.5484 2
 -0.9354 2.0354 2
 -3.1382 2.1963 2
 -0.7722 -1.4589 1
 -3.194 2.3424 2
 -0.9145 2.6498 2
 -1.1392 2.7478 2
 0.8348 2.0958 2
 0.5698 -0.5806 1
 -0.2502 2.3547 2
 -0.7918 2.1441 2
 1.2864 1.6705 2
 -0.4645 1.5677 1
 -0.6467 1.3897 1
 -1.5065 1.7599 2
 0.3801 -3.7926 1
 0.3843 1.5177 2
 -0.2613 -0.8581 1
 -1.8557 1.7005 2
 -0.504 1.2125 1
 0.12 -1.2303 1
 0.2476 1.5571 1
 -1.8039 2.462 2
 0.2348 -0.4443 1
 -0.4618 1.9127 2
 0.3282 -1.1703 1
 0.3192 2.3664 2
 0.2606 0.2682 1
 -0.3552 1.9354 2
 -1.8956 1.8054 2
 -2.3242 1.6477 2
 -0.2213 1.918 2
 -0.4511 0.6014 1
 0.1902 1.4295 2
 0.4181 1.8898 1
 -0.3212 -2.0814 1
 0.4476 0.7763 1
 -0.3216 2.108 2
 0.1126 -3.6603 1
 0.1966 0.0138 1
 0.1451 1.5763 1
 -0.0943 -1.6429 1
 0.2565 -1.3384 1
 -0.0353 1.337 1
 -0.0961 1.9569 2
 -2.0853 2.0927 2
 0.1788 -1.7323 1
 -1.4956 2.1778 2
 -0.4544 0.2172 1
 -2.0118 2.378 2
 0.2404 -1.1324 1
 0.1118 -0.3318 1
 0.3767 1.9979 2
 0.147 1.6004 2
 -0.2021 -1.4647 1
 1.992 1.6788 2
 -2.6749 1.9597 2
 2.3734 2.4096 2
 0.1957 -1.2593 1
 -0.0034 0.2248 1
 0.0544 2.1082 2
 0.0738 -0.7729 1
 0.9401 1.6636 2
 1.3298 1.717 2
 0.1842 1.6292 1
 -1.0048 2.2106 2
 -0.1392 0.825 1
 -0.5795 1.9172 2
 -1.5523 2.5498 2
 0.3139 -0.9627 1
 -1.5206 1.6641 2
 0.279 -3.4916 1
 0.2672 1.3371 1
 0.4176 2.0096 2
 0.3698 2.2114 2
 -0.2167 -0.152 1
 0.5567 -0.7514 1
 -0.2214 1.9217 2
 0.133 -1.0249 1
 -0.1903 1.7658 2
 -0.4528 1.8361 2
 1.3636 1.8351 2
 -1.8131 1.6871 2
 0.7204 1.6942 1
 -0.2093 -0.9811 1
 -0.2717 2.6813 1
 -0.1577 -0.7775 1
 -1.8349 1.8393 2
 0.785 2.4221 2
 1.8026 2.3371 2
 -0.2303 0.9103 1
 -0.3574 -1.1421 1
 -0.6483 1.7894 2
 0.6115 0.2889 1
 0.8573 2.3481 2
 1.0503 1.7054 2
 0.0515 -0.5582 1
 -0.5896 1.6679 2
 -2.7457 1.8744 2
 -0.5108 1.497 1
 -0.0225 -0.7505 1
 0.0659 -1.7125 1
 2.2697 2.1931 2
 -0.7808 2.6635 2
 0.2972 1.6911 2
 1.2499 1.4893 2
 0.4269 -1.0741 1
 -0.044 2.7557 2
 -1.0758 1.5482 2
 0.1224 -0.3154 1
 -0.3574 2.3992 2
 -0.2979 -0.2012 1
 0.7313 1.9198 2
 0.336 1.1931 2
 0.1223 -0.4969 1
 -0.0503 -0.4368 1
 -0.3059 0.2029 1
 0.1161 -2.7744 1
 0.7098 1.8823 2
 -0.6703 1.354 2
 -0.0311 0.4302 1
 2.5892 1.6926 2
 0.5865 1.7813 2
 -1.3381 2.2068 2
 0.4403 1.5159 2
 0.0544 0.1228 1
 0.191 1.5302 1
 -1.6185 1.9987 2
 1.063 1.9544 2
 0.455 -0.7744 1
 2.899 1.8417 2
 -0.1503 1.22 1
 -1.4844 2.053 2
 1.0713 2.0959 2
 -0.9411 1.8664 2
 3.0989 1.3955 2
 1.6467 2.6618 2
 -0.1894 -0.5313 1
 -0.8624 1.7195 2
 0.0473 -1.6773 1
 -0.0294 0.0807 1
 0.0839 1.4188 2
 -0.0187 1.5406 1
 -0.1873 -1.4365 1
 0.0994 0.9647 1
 -0.4142 -0.1568 1
 0.373 -0.646 1
 0.5637 1.9373 2
 -0.1762 0.7091 1
 -0.2414 -0.8129 1
 0.8416 0.3119 1
 -0.0446 0.1573 1
 -0.3867 2.2634 2
 -0.098 0.2201 1
 0.2669 0.2249 1
 -0.0573 1.7712 2
 2.7688 2.3247 2
 0.4602 -0.8334 1
 0.8114 1.7367 2
 -0.1136 -0.4727 1
 -0.0603 0.7497 1
 0.454 -0.1544 1
 -1.1659 2.3707 2
 0.0342 0.6082 1
 -0.2511 -2.9857 1
 -0.4483 0.6831 1
 1.5664 2.4049 2
 0.3523 -3.2407 1
 -0.1814 2.1561 2
 -0.5858 1.9499 2
 2.6533 1.9027 2
 1.1066 1.9245 2
 0.0879 2.1514 2
 0.0595 -0.6895 1
 -0.3427 1.7094 2
 -0.8071 2.1287 2
 -0.0617 2.8653 1
 0.679 2.5931 2
 0.7497 0.301 1
 0.0913 -1.6816 1
 -0.2352 -0.4525 1
 0.1928 1.9393 2
 -2.6868 2.6108 2
 0.509 -0.4989 1
 0.2552 -0.0591 1
 -1.6135 1.1163 2
 -0.7296 1.846 2
 -0.9086 1.8267 2
 -1.5373 2.2005 2
 2.8363 1.6921 2
 1.5211 1.6789 2
 -0.499 2.2004 2
 -0.4089 -0.4581 1
 -0.3184 2.2306 2
 -0.649 2.385 2
 0.2563 1.7262 1
 -0.0931 0.6943 1
 -0.0044 1.7514 2
 0.2682 -1.7312 1
 -0.5225 -1.3223 1
 0.1037 0.8367 1
 -0.9316 1.7057 2
 1.4791 1.8042 2
 -0.202 0.0005 1
 -0.2985 -0.2686 1
 0.4077 2.5981 1
 1.8481 1.3173 2
 0.6363 -0.6139 1
 -1.9686 1.5231 2
 1.0237 1.9529 2
 0.1138 1.6239 1
 0.0385 1.3556 1
 0.0043 -0.3179 1
 -0.0224 0.04 1
 0.1765 1.6721 2
 -0.2576 1.9804 2
 -0.0701 0.549 1
 2.5472 1.9202 2
 1.5928 1.3346 2
 0.5349 -2.8433 1
 0.9704 2.161 2
 0.399 3.27 1
 -0.1695 0.7457 1
 1.127 2.1475 2
 0.0263 0.2785 1
 -0.2806 1.7203 2
 -0.6524 1.7398 2
 1.788 2.0855 2
 0.2228 -0.0064 1
 0.5945 2.3006 2
 -0.1509 2.147 1
 -1.1208 0.4213 1
 -1.6001 1.8056 2
 -0.5625 2.5906 1
 -0.2733 -2.1431 1
 -0.1984 -0.7375 1
 0.4143 1.6209 2
 2.4486 2.127 2
 1.2658 2.4958 2
 0.1441 2.339 2
 0.1467 1.5969 1
 -0.1384 -0.2049 1
 2.7493 2.3678 2
 0.5321 2.3176 2
 0.0374 -1.4109 1
 0.2049 2.1158 2
 0.2905 -0.8136 1
 0.1712 0.0199 1
 0.1142 -1.5865 1
 -0.2271 -1.29 1
 0.0654 0.6979 1
 -0.0546 0.4322 1
 0.4764 1.8442 2
 -0.071 1.7685 2
 -1.3786 2.2585 2
 -0.2274 -0.4298 1
 -0.8683 1.7337 2
 0.7643 1.5001 2
 0.1689 -0.4956 1
 -2.1386 2.2408 2
 0.2125 0.5105 1
 0.7167 1.5735 2
 0.0777 1.5416 2
 -0.1556 -0.5399 1
 0.2641 -2.4384 1
 1.6546 2.0608 2
 -0.3706 -0.2592 1
 0.0205 -1.4375 1
 -0.8118 1.7758 2
 0.4156 1.8528 2
 -0.7577 2.2596 2
 1.7853 1.5576 2
 0.5944 -1.4065 1
 -1.4337 1.747 2
 0.2017 0.696 1
 0.6182 -2.5321 1
 -0.0061 0.9809 1
 0.1051 -1.641 1
 0.07 -0.6051 1
 -0.3728 0.371 1
 -0.1913 -0.5912 1
 -0.3864 2.2745 1
 -0.2045 0.836 1
 -0.201 0.4312 1
 -0.7683 1.4139 1
 0.6306 0.6457 1
 -1.4384 2.1022 2
 0.4185 3.0289 2
 -1.3027 2.2171 2
 1.9864 2.2899 2
 0.4359 -0.1475 1
 0.9276 2.0208 2
 0.2115 1.0788 1
 -0.1797 0.662 1
 0.0998 0.0516 1
 1.3977 2.2396 2
 -0.0237 1.0498 1
 2.3542 1.6677 2
 -0.1395 2.123 2
 -0.9896 1.8772 2
 -0.2174 -2.0713 1
 -0.676 1.9829 2
 -0.1768 1.4263 1
 -0.2687 -0.1588 1
 -0.2429 0.2156 1
 -0.4134 1.5753 2
 -0.2696 1.7102 2
 0.3156 2.1784 1
 0.4175 1.9456 1
 -0.0063 0.2161 1
 0.0494 0.1277 1
 1.5068 1.9713 2
 -0.0052 -0.3215 1
 0.8461 1.7543 2
 -0.2732 2.0686 2
 0.211 2.153 2
 0.2576 1.1206 1
 -1.5571 1.7153 2
 -3.1382 2.1963 2
 -0.0351 0.2493 1
 0.2017 2.2336 1
 0.0357 0.8018 1
 -0.3114 0.6847 1
 -1.667 1.9396 2
 0.3175 1.4184 2
 1.7617 2.6598 2
 1.1962 1.9558 2
 -0.2343 -1.4165 1
 -0.1331 2.2067 1
 -0.8008 -1.5194 1
 1.6504 2.0119 2
 -0.2452 -2.2337 1
 0.003 1.7948 2
 -0.056 0.9147 1
 -0.7222 1.9635 2
 0.0149 -3.6963 1
 0.0234 1.7462 2
 0.1876 2.1375 1
 -1.0988 1.8388 2
 0.275 2.4731 2
 -0.6389 2.0813 2
 -0.3019 0.8541 1
 -2.5409 2.1919 2
 2.9315 1.8414 2
 0.1413 0.8085 1
 -2.8612 2.2796 2
 -3.106 2.4635 2
 -0.138 -0.3625 1
 -0.2059 1.696 1
 -0.2501 1.3517 1
 1.4633 1.9838 2
 -0.2281 1.9963 2
 1.1108 1.8206 2
 -0.0914 -1.1437 1
 1.6183 1.271 2
 0.2795 -0.5541 1
 -1.1294 2.3595 2
 0.5077 2.3088 2
 -1.6109 1.6315 2
 0.6337 1.6978 2
 -0.6706 1.4985 2
 0.9748 1.4589 2
 -0.0252 1.9278 2
 -0.0686 0.0856 1
 -0.6996 1.9224 2
 -1.6697 2.2916 2
 -0.2497 2.0103 2
 0.278 1.8897 2
 -0.2818 -2.2819 1
 -1.966 2.1597 2
 0.1456 -0.2428 1
 -0.4673 2.0221 2
 0.4596 -0.2817 1
 0.1456 2.1385 2
 1.1276 2.0094 2
 -0.2232 0.1913 1
 0.0017 -0.3661 1
 0.4236 1.7074 2
 -2.5905 1.5252 2
 0.0398 0.1351 1
 1.0039 2.2327 2
 0.0401 2.0541 2
 1.2327 1.6252 2
 -0.0041 -0.8305 1
 -0.3849 1.114 1
 -0.652 1.9593 2
 -2.7573 2.207 2
 1.2565 1.6886 2
 0.3141 1.7228 2
 -0.0297 0.2695 1
 0.3054 -1.8584 1
 -0.4243 2.0572 2
 -0.2485 2.1082 2
 -1.6931 2.2748 2
 -1.3589 1.8527 2
 0.03 1.3084 1
 0.1173 -0.8185 1
 -0.133 1.0864 1
 -1.8704 1.9096 2
 -0.2542 -0.4957 1
 0.105 -1.9776 1
 0.1479 -1.6157 1
 -0.1843 0.0502 1
 1.2792 1.7245 2
 1.6923 1.8716 2
 0.0234 0.9873 1
 -0.5673 2.0258 2
 0.2935 1.274 1
 -0.0184 1.9311 2
 -2.7769 2.0869 2
 0.1915 -0.1882 1
 -0.7974 2.3506 2
 -0.128 -1.3372 1
 -0.1466 0.2722 1
 0.1831 -1.2133 1
 0.4105 2.1995 2
 -1.7778 2.2791 2
 0.2905 0.5762 1
 1.9474 1.8592 2
 -0.3118 -1.0705 1
 0.26 0.5479 1
 -0.2865 -0.3209 1
 0.1529 -1.8161 1
 1.8801 1.552 2
 -0.2319 -1.7156 1
 0.4583 -2.0129 1
 -0.0502 1.7998 1
 -2.5747 2.124 2
 -0.6463 1.587 2
 -1.257 1.9686 2
 -0.7664 2.1186 2
 0.0082 1.5172 1
 -0.1437 0.4018 1
 -0.3289 2.2729 1
 0.0507 2.1299 1
 -0.1281 1.9591 1
 -0.9851 2.1046 2
 0.2595 1.8583 2
 0.1146 0.6306 1
 1.699 2.3189 2
 0.239 0.4911 1
 0.3102 2.0764 2
 -2.0934 2.1142 2
 0.0031 0.1056 1
 0.4141 0.7197 1
 0.1098 2.3366 1
 -0.4595 2.1078 2
 -0.0215 -2.222 1
 0.3347 -1.9514 1
 0.4287 2.164 2
 2.1419 2.392 2
 1.0987 1.709 2
 0.0968 -1.7995 1
 0.0015 0.3114 1
 -0.2234 1.5071 1
 -0.8694 1.7486 1
 -0.0512 1.6222 2
 -1.2358 2.0273 2
 -0.242 -0.3788 1
 -0.9682 2.5131 2
 -0.4058 -0.305 1
 3.0718 2.1147 2
 -0.7864 1.8973 2
 0.44 0.0449 1
 2.4166 2.15 2
 0.6637 -2.0842 1
 1.6599 2.0591 2
 0.0283 -0.224 1
 -0.5887 2.2403 2
 0.0659 -1.7125 1
 0.4615 2.1027 2
 -1.1163 2.4662 2
 -0.5876 1.9083 2
 -0.1587 -0.4346 1
 0.7143 2.1821 2
 0.4158 -3.4775 1
 -0.3963 1.8703 2
 -0.3305 1.753 2
 0.582 -1.7617 1
 -0.7211 0.4511 1
 -0.2358 1.898 2
 0.2232 1.2332 1
 0.0042 2.5199 1
 -0.6386 2.0484 2
 -1.3647 2.2945 2
 0.1775 0.9726 1
 0.0485 1.7749 2
 -0.2348 -1.7344 1
 -0.4092 -0.0348 1
 0.2179 -0.6044 1
 -0.4077 2.0399 1
 -0.1697 1.9822 2
 -0.0657 -0.4045 1
 1.3455 1.4819 2
 -0.0659 -1.3783 1
 -0.9482 1.7847 2
 -0.2823 -2.3341 1
 0.3343 1.6759 2
 2.0643 2.4833 2
 0.2481 1.922 2
 -0.4188 2.2477 2
 -2.1696 2.1796 2
 0.0269 1.8668 2
 -0.3753 0.9671 1
 0.5334 2.1417 2
 -0.3757 -0.139 1
 0.5716 1.9563 2
 0.2786 1.1894 1
 -0.0289 -0.836 1
 0.5071 1.7962 2
 0.1741 -0.2725 1
 -0.3979 2.008 2
 1.1847 2.0908 2
 0.6979 2.5822 2
 0.0408 0.1593 1
 1.9107 2.3977 2
 0.1576 -0.9027 1
 -0.3438 2.5034 1
 -1.4492 2.2931 2
 1.1866 2.5202 2
 1.2433 1.6676 2
 0.4502 1.884 2
 -0.3789 1.7404 2
 -0.7023 2.1763 2
 -0.7957 2.2815 2
 -2.049 1.6278 2
 -0.0024 0.2326 1
 -0.646 1.6129 2
 -0.8439 1.7245 2
 0.2882 1.47 1
 -0.0663 0.4803 1
 0.0507 2.1299 1
 0.7442 1.9467 2
 -0.0859 4.3149 1
 -0.0376 -1.6848 1
 0.1522 -0.5009 1
 0.4273 2.5113 2
 -3.0412 2.3344 2
 -0.0952 1.1318 1
 -0.9544 1.7513 2
 0.6755 1.8902 1
 1.3767 2.2278 2
 -0.1673 -0.3762 1
 0.1778 1.9481 2
 0.5386 1.5711 2
 -0.2061 0.104 1
 0.1605 -0.8516 1
 -0.3405 1.9163 2
 0.1205 -0.6472 1
 0.8503 2.3371 2
 -0.0583 0.511 1
 -0.386 0.0087 1
 0.1049 2.0161 2
 -0.7146 1.8955 2
 -1.6964 1.481 2
 -0.0202 1.4539 2
 0.2956 0.2476 1
 0.3893 2.3181 2
 1.4387 2.1662 2
 0.0844 0.11 1
 0.2523 0.2138 1
 0.1585 1.1868 1
 0.2162 1.825 2
 -0.3541 -2.4517 1
 -1.0447 2.4756 2
 -0.0695 1.6692 1
 0.1041 1.9876 2
 0.2406 1.5045 2
 0.4392 0.2321 1
 0.0134 1.0261 2
 -0.0818 1.8457 2
 -1.2505 1.9133 2
 -0.1228 -2.3987 1
 -1.5931 2.4313 2
 0.1978 2.3594 2
 -0.4641 2.0614 2
 0.6296 0.6569 1
 -1.3211 2.1565 2
 -0.2202 0.7572 1
 -0.3808 -1.4504 1
 1.4956 2.0204 2
 0.418 1.0733 1
 0.0257 -1.1596 1
 0.2645 1.7495 1
 -0.2262 0.4602 1
 0.1665 1.0138 1
 -1.9336 1.7634 2
 0.959 1.5524 2
 0.2632 -0.732 1
 0.861 1.8486 2
 0.2033 -2.9329 1
 0.0132 -0.9473 1
 1.039 1.7531 2
 -1.1162 2.4233 2
 -0.8632 1.902 2
 0.0433 -1.5376 1
 -0.0862 0.0829 1
 0.4281 2.3606 2
 0.6073 0.2464 1
 0.4827 2.1636 2
 0.1376 -0.4278 1
 -1.8871 2.4411 2
 2.3384 1.81 2
 1.7383 1.7718 2
 -0.0814 2.0784 2
 0.0606 0.4279 1
 0.2401 0.5785 1
 0.2174 1.0333 1
 -0.0534 -0.7568 1
 -0.0266 -0.4186 1
 0.0899 1.9509 2
 0.3199 1.5552 2
 -0.1991 2.1457 2
 -0.5843 2.4714 2
 1.9918 2.2675 2
 -0.5338 -0.5221 1
 -0.1438 0.2557 1
 -1.9936 2.1853 2
 0.2414 1.0042 1
 1.1495 2.3405 2
 -0.1114 -0.3232 1
 -0.8858 1.8121 2
 0.0345 -0.442 1
 -0.7892 1.9267 2
 -1.1375 2.2311 2
 -0.738 1.6927 2
 -0.3913 0.8268 1
 -1.4686 2.19 2
 0.4101 -0.6909 1
 0.0726 1.2008 1
 -0.2464 -0.8279 1
 -0.41 -1.6899 1
 -0.0707 -1.1059 1
 0.2408 1.6852 2
 -0.622 2.4578 2
 0.3873 -2.0348 1
 0.238 1.6726 1
 0.2077 0.4292 1
 -2.2602 2.1759 2
 1.8418 1.7611 2
 0.4638 1.0492 1
 -3.3621 2.2518 2
 0.4192 -0.5033 1
 -0.2499 1.9085 1
 3.13 1.8954 2
 0.101 -1.6324 1
 0.0273 -2.5765 1
 0.2005 0.8466 1
 0.4521 1.5937 2
 -0.5259 2.4516 2
 -0.308 0.3893 1
 -0.2131 0.277 1
 -1.3681 2.1799 2
 0.1494 1.4343 1
 0.1371 -1.2905 1
 -2.4697 1.7993 2
 0.1245 0.5366 1
 -1.8163 2.6295 2
 -0.3203 -1.5673 1
 1.2695 2.3256 2
 -0.0057 -1.8354 1
 0.4195 1.8152 2
 -0.0609 1.7427 2
 -0.6595 1.1837 1
 0.4539 0.095 1
 -1.4517 2.2152 2
 0.1564 2.0604 2
 0.0726 1.2008 1
 0.2409 2.0249 2
 -2.9468 1.9217 2
 -3.145 2.0234 2
 -0.5693 1.9008 2
 -0.0425 1.9903 1
 -0.1336 -0.4239 1
 0.0001 2.732 1
 1.6935 1.8905 2
 -2.4509 2.8181 2
 0.6149 2.1266 2
 -2.7573 2.207 2
 0.1521 -0.042 1
 -0.1335 -0.2157 1
 -0.1343 1.1959 1
 -0.8397 1.9723 2
 -0.0772 -1.3328 1
 -0.3161 2.1752 1
 0.4047 2.3007 2
 -2.1718 2.1935 2
 0.1992 1.5615 1
 0.6875 1.3867 1
 -1.4203 2.1363 2
 -0.4851 1.9249 2
 -1.5565 2.0519 2
 2.1924 1.8167 2
 -0.0743 1.8488 2
 0.4369 1.7326 2
 -0.2955 -1.0392 1
 -0.831 1.9937 2
 0.2416 -1.198 1
 0.4669 1.57 2
 0.023 1.897 2
 2.7627 1.9501 2
 0.4267 2.1631 2
 -1.372 1.5693 2
 0.1604 -0.6495 1
 0.1425 1.7829 2
 -0.9376 1.3584 2
 0.4599 1.8577 2
 -0.5348 2.0127 2
 0.4131 2.6162 2
 -0.5108 0.1794 1
 -0.422 3.5613 1
 0.156 2.5211 2
 0.1242 1.0899 1
 0.8441 2.2415 2
 -0.4598 -1.5368 1
 -2.5669 1.9954 2
 -1.3956 2.3085 2
 -0.6557 1.9418 2
 -0.3294 -0.5232 1
 -1.6526 2.2068 2
 -0.3826 -1.2312 1
 -0.5176 -2.3454 1
 -0.1356 -0.4316 1
 0.4878 -0.6051 1
 2.1724 2.175 2
 1.6897 1.7305 2
 0.35 -0.1411 1
 -2.0261 2.1077 2
 0.509 -0.4989 1
 -2.2569 2.634 2
 -1.425 1.7386 2
 0.4634 1.74 1
 0.0674 2.258 2
 -1.1794 1.2106 2
 -0.573 0.5067 1
 -0.1308 -0.4384 1
 0.726 2.0682 2
 -0.0158 1.4418 1
 0.0548 -0.5543 1
 -2.249 1.9332 2
 -0.4725 -0.0736 1
 0.3438 0.4616 1
 -0.1279 2.0677 2
 0.6215 2.1015 2
 -0.3247 1.7694 2
 -0.4648 1.8947 2
 1.9406 1.8405 2
 -0.0122 -2.2155 1
 -0.1608 -0.914 1
 -0.1158 -0.6947 1
 -0.0586 -1.5827 1
 0.7382 -0 1
 0.1198 1.5393 1
 0.3561 2.2076 1
 -0.0579 -1.6137 1
 -0.0397 1.9221 2
 0.3016 0.0551 1
 0.5458 1.7539 2
 1.8691 2.3954 2
 -2.1708 1.8502 2
 -0.8476 1.7358 2
 -0.9597 2.1974 2
 -0.024 1.9084 2
 -0.377 1.9647 2
 1.2778 2.3098 2
 0.4873 1.4951 1
 -0.12 1.4312 1
 1.8805 2.2026 2
 0.0253 -0.7767 1
 -0.1811 2.3668 1
 1.0302 1.9742 2
 0.3684 0.2286 1
 -3.3207 1.7507 2
 2.2088 2.0327 2
 1.1773 2.0964 2
 0.138 1.9345 2
 -2.05 1.8506 2
 -0.5979 1.4836 2
 -0.0434 0.9995 1
 0.6232 1.0268 1
 -0.176 -1.4301 1
 -0.0748 1.7472 1
 -0.0541 2.0897 2
 0.1368 -0.5206 1
 -0.0218 -0.6216 1
 -0.2849 2.2236 2
 0.0469 0.0682 1
 2.9243 1.8743 2
 -0.1227 0.3901 1
 -0.1092 1.2119 1
 0.4656 1.6455 1
 -0.0669 -1.387 1
 -0.4084 2.1113 2
 -1.017 1.9849 2
 0.6793 -1.5848 1
 -0.0836 -1.5283 1
 -1.0849 1.9253 2
 -0.3637 2.0422 2
 -0.3576 0.5879 1
 2.1448 2.184 2
 0.0934 0.7135 1
 -0.4815 -1.3189 1
 1.2823 1.5842 2
 -1.8935 2.4548 2
 0.1844 0.6511 1
 1.9732 1.9615 2
 -0.4051 -0.6625 1
 -0.0255 0.602 1
 1.1133 2.1384 2
 -0.3234 1.8582 2
 -0.563 2.8027 2
 -0.4892 2.114 2
 0.5816 1.7955 2
 1.4348 2.1419 2
 -0.3134 -0.1451 1
 -0.5898 -3.4467 1
 1.0157 1.8446 2
 -0.7652 2.0106 2
 -2.9524 1.6585 2
 0.0185 0.1234 1
 -0.1524 1.8239 2
 0.1916 0.976 1
 1.2656 1.9745 2
 0.4405 -0.1549 1
 -0.1117 1.6494 2
 0.5596 1.185 1
 1.6211 1.7432 2
 -0.3556 2.0751 2
 -0.3698 1.2758 1
 -1.4354 2.5045 2
 -0.0081 0.8189 1
 -0.1878 -1.7373 1
 -0.3734 0.3743 1
 0.0011 0.9457 1
 0.0115 2.401 2
 -0.9235 1.6258 2
 -1.6034 2.0382 2
 -0.3952 3.7257 1
 -0.7825 1.6815 2
 -0.8129 1.7331 2
 -0.0196 2.9489 1
 0.1829 -1.3114 1
 -1.811 2.2244 2
 0.0822 -0.3041 1
 -0.0602 -0.2273 1
 -0.4498 1.7757 2
 -0.1933 -0.9037 1
 0.2524 2.121 2
 -0.2842 0.1876 1
 0.3758 0.9692 1
 -1.5058 2.4267 2
 -1.2379 2.0418 2
 -0.9565 2.3634 2
 -0.0446 0.1969 1
 -0.9089 1.8283 2
 -2.5159 1.6447 2
 1.318 2.2912 2
 0.2045 -1.6177 1
 0.994 2.3826 2
 0.0235 -0.61 1
 0.4612 2.2196 1
 -0.8525 2.0237 2
 0.3899 1.2102 1
 -0.1709 -2.0305 1
 -0.9178 2.389 2
 0.1086 0.3632 1
 0.0248 2.2908 2
 -3.4062 1.3291 2
 0.2769 1.023 1
 -0.0785 0.8957 1
 0.3282 0.0635 1
 -0.5243 1.6328 2
 -0.4328 2.4502 2
 -1.5538 1.7939 2
 0.2338 2.3125 1
 -0.6827 2.5984 2
 -0.3288 0.095 1
 0.5645 -1.1437 1
 -0.2457 -2.8012 1
 0.3912 1.9441 2
 0.7622 2.3202 2
 0.2817 -0.8915 1
 1.2457 2.0431 2
 -2.1884 1.7897 2
 -0.8455 1.9237 2
 0.5467 2.0588 2
 -0.2841 0.8686 1
 0.2518 0.1457 1
 0.1679 -0.3232 1
 -0.1806 -1.0606 1
 -2.4188 1.5597 2
 -1.9814 2.5589 2
 0.3155 3.4179 1
 -0.4281 2.4028 1
 -0.0744 1.9347 2
 -0.3823 -0.3019 1
 -0.2913 0.2442 1
 0.2529 1.4665 1
 -0.3109 1.7935 2
 1.4974 1.4583 2
 0.4153 0.4732 1
 -0.7726 1.6654 2
 -0.3501 2.3545 2
 -0.1879 -0.1016 1
 0.0293 -1.8278 1
 0.358 -1.9327 1
 1.9152 2.1568 2
 0.0466 -1.5824 1
 0.1016 0.6089 1
 -0.1648 1.6757 1
 -1.2378 1.9839 2
 0.1435 0.1442 1
 0.0449 2.3153 1
 0.5337 0.7121 1
 0.1533 1.7516 2
 -0.1747 2.3663 2
 0.4157 -2.2821 1
 -0.4306 -0.693 1
 -0.9789 2.4192 2
 0.2608 -3.0215 1
 1.6726 2.0034 2
 -0.0587 0.2124 1
 0.1552 1.8828 2
 0.0181 -0.1973 1
 -0.5012 1.2625 1
 0.3951 1.8515 2
 -0.1844 -0.4674 1
 -1.2282 1.5256 2
 -0.3078 -0.2173 1
 -0.1738 -1.0411 1
 0.0956 1.9266 1
 -1.991 2.139 2
 1.005 2.0252 2
 -0.2567 -0.7034 1
 -0.1945 1.7474 2
 -0.2364 0.9522 1
 -0.0578 -0.031 1
 -0.0979 -0.4905 1
 0.8451 1.5151 2
 2.3856 2.1603 2
 -2.1524 1.8888 2
 0.1234 1.7967 2
 -0.3681 2.1278 2
 -0.3457 1.3109 1
 0.3389 -0.9115 1
 -0.6627 2.0911 1
 0.0363 -0.6111 1
 -0.137 2.2676 1
 -0.0904 -0.5406 1
 0.0499 1.7363 2
 -1.0616 1.6986 2
 -1.32 2.1255 2
 -0.3315 1.6392 1
 -0.0511 0.6762 1
 -0.0748 1.6514 2
 0.018 -1.719 1
 -0.4237 -0.2818 1
 -0.1875 -1.3963 1
 0.3311 1.0435 1
 0.8057 1.3478 2
 -0.0312 1.8495 2
 1.2038 2.1945 2
 0.3008 0.7033 1
 -0.4511 0.6014 1
 0.2871 0.7772 1
 0.476 -3.0024 1
 0.0053 -2.007 1
 -0.3112 1.5405 1
 0.0152 0.3305 1
 0.1598 0.4397 1
 -1.6783 1.9515 2
 1.4657 2.3725 2
 1.5963 1.8324 2
 -1.9994 1.8326 2
 -0.4606 -2.2063 1
 1.1485 1.4429 2
 1.657 2.16 2
 -0.3083 -0.6808 1
 0.3028 1.486 2
 0.0493 0.7071 1
 0.3822 1.8765 2
 0.1267 1.0944 1
 -0.3549 2.1653 2
 0.9717 2.2736 2
 0.53 1.8354 2
 0.2513 -0.2463 1
 0.7992 1.6908 2
 0.3596 2.5256 2
 -0.0188 -3.1745 1
 -1.5775 1.8668 2
 -0.0556 -0.9784 1
 1.291 1.8953 2
 -0.9013 2.2134 2
 -1.444 1.8309 2
 0.2939 1.3108 1
 -1.36 2.1799 2
 -0.5199 -0.5767 1
 -0.1532 2.0593 2
 0.2684 3.6408 1
 0.4511 1.7032 2
 0.1258 2.1466 1
 -0.1329 -0.386 1
 -0.1315 1.3935 2
 -0.1377 1.996 2
 -1.2821 1.6095 2
 -0.2806 1.7203 2
 0.2338 -0.3699 1
 1.6135 1.7779 2
 -0.1819 0.9896 1
 -0.2858 -0.3352 1
 2.0789 1.9961 2
 3.4308 2.6053 2
 -0.9042 1.9439 2
 -0.0897 2.3661 1
 -0.0045 1.5406 1
 -0.0683 -3.4349 1
 -0.2681 -1.5254 1
 0.0904 -2.1738 1
 0.6078 2.2289 2
 3.3041 2.0609 2
 -0.4673 -0.4833 1
 -0.3221 1.9679 2
 0.8356 1.6263 2
 4.2379 1.9334 2
 0.334 1.7141 2
 0.7903 1.5174 1
 -1.1958 2.1556 2
 -0.3315 1.6494 1
 -0.1145 -1.1485 1
 -0.7288 1.801 2
 -0.6399 1.7597 2
 -1.011 1.9334 2
 -0.1418 2.9272 1
 1.1207 1.615 2
 0.3251 -1.0372 1
 1.4577 1.7443 2
 -0.4998 -2.0992 1
 -0.8183 0.7053 1
 -1.4929 1.7444 2
 -0.377 1.5587 2
 0.1179 1.0653 1
 0.178 1.8585 2
 -0.0154 -0.6764 1
 0.3866 2.0938 1
 0.032 -0.6795 1
 1.9757 2.3634 2
 0.344 -0.6289 1
 0.0885 0.7032 1
 0.5314 1.2256 1
 0.0505 1.8258 1
 -0.0209 0.9236 1
 -0.012 1.1336 1
 -0.9529 2.6057 2
 2.4445 2.7419 2
 -1.5298 2.2429 2
 0.1356 1.5976 1
 0.3309 -0.4147 1
 0.0589 0.7981 1
 0.2609 2.0557 2
 -0.4067 0.4736 1
 0.1041 2.0065 2
 -0.3085 1.4808 1
 1.0493 2.1883 2
 -0.8996 2.011 2
 0.6779 -0.7143 1
 -3.0145 2.2171 2
 0.5662 1.3456 1
 0.7486 2.277 2
 -0.1106 2.7577 2
 0.0351 1.336 1
 0.181 0.9093 1
 0.3509 0.8892 1
 1.3571 1.4601 2
 0.3949 1.5371 1
 -0.3475 2.4905 1
 -0.1859 -0.3047 1
 -0.352 1.9913 2
 -0.1794 0.8014 1
 1.2712 1.9413 2
 -1.2826 2.1245 2
 -0.6178 1.6233 2
 0.1578 1.497 2
 0.4742 1.9878 2
 2.1079 1.9863 2
 -0.0127 2.0381 2
 -0.3131 0.8996 1
 -0.4281 2.4028 1
 0.4276 -1.5799 1
 -0.1358 0.5635 1
 -0.0545 -0.2651 1
 -0.5331 1.5874 1
 -0.0399 0.2994 1
 0.853 2.4569 2
 1.0814 2.2529 2
 0.0566 0.7249 1
 -0.537 1.2429 2
 0.0839 1.4188 2
 -0.8321 0.7245 1
 -0.0122 -0.8025 1
 -0.407 -2.2698 1
 0.3475 2.212 2
 2.1012 2.3282 2
 1.7143 1.6714 2
 0.1741 0.9547 1
 0.398 2.0678 2
 2.8673 1.5764 2
 1.3327 1.9169 2
 3.1456 1.9378 2
 -0.1047 -0.2398 1
 0.2813 -0.8187 1
 -0.3242 -1.4587 1
 -0.5385 1.6471 1
 -0.7424 1.9916 2
 -0.0169 1.4022 2
 -2.3497 2.5452 2
 0.355 -1.4284 1
 0.1057 2.6688 2
 -0.2478 0.1929 1
 -0.3291 -0.5245 1
 0.8705 1.7745 2
 0.0929 3.1379 1
 0.3392 -0.183 1
 0.2039 1.6013 1
 -0.123 -1.0557 1
 -0.0906 1.1489 1
 0.4444 -3.656 1
 0.8384 1.7597 2
 1.1878 2.0468 2
 -0.4353 -0.343 1
 0.0198 -0.1116 1
 1.2076 1.9033 2
 0.1909 -2.3468 1
 -0.2051 1.6367 1
 -1.7572 1.5235 2
 -1.2779 2.074 2
 -1.8415 2.254 2
 -0.4659 -0.9145 1
 -0.5234 1.8775 2
 -0.1388 2.3721 2
 1.1151 1.7166 2
 -0.0536 -0.3122 1
 0.3253 0.965 1
 -0.1963 2.4911 2
 -0.1705 -0.5458 1
 -0.3544 2.404 1
 1.0137 1.9956 2
 0.0921 1.4707 2
 0.2937 0.2797 1
 -0.0836 2.371 1
 -0.3878 1.8978 2
 0.0822 -0.5763 1
 0.1571 0.2515 1
 1.0183 2.1763 2
 0.1049 2.0161 2
 -1.4504 1.953 2
 -2.0267 2.4872 2
 0.3464 0.9109 1
 0.2202 0.5464 1
 -0.2676 1.9902 2
 -1.5717 2.0182 2
 0.2134 2.1343 1
 0.5278 2.7014 2
 -0.1714 -0.4886 1
 -1.2995 1.9437 2
 1.2128 1.5957 2
 -0.1481 -1.5129 1
 1.6981 2.2663 2
 -1.0118 2.7242 2
 -0.0999 -2.8519 1
 0.2226 -0.4944 1
 0.6626 2.6158 2
 0.0791 0.5719 1
 -0.4337 -2.4061 1
 -0.0633 0.7469 1
 -0.0818 -0.5407 1
 0.2773 -0.5554 1
 -0.4339 1.1311 1
 0.0639 1.098 1
 0.3232 -1.4958 1
 -0.6779 0.8496 1
 0.485 -0.4459 1
 -2.8705 2.0432 2
 0.4105 1.6808 2
 -0.2936 2.195 2
 -0.2624 -1.6167 1
 -0.1876 0.6044 1
 0.3315 1.756 2
 0.0879 -0.307 1
 0.2943 2 2
 0.0293 1.8594 1
 -0.4917 0.8614 1
 0.3313 2.3674 2
 0.7583 1.8681 2
 -0.1384 3.0179 1
 0.5572 2.0624 2
 -0.8065 1.7809 2
 0.2243 0.3207 1
 -0.0974 -0.8116 1
 -0.4801 2.1444 2
 0.2549 1.865 1
 0.0615 2.7957 1
 -0.3362 0.3856 1
 0.6328 1.8849 2
 -0.1428 2.2676 2
 0.3107 -0.8896 1
 0.4367 1.1724 1
 -0.2445 1.3176 1
 0.0721 2.3642 2
 -1.0541 1.7589 2
 1.9695 1.575 2
 0.0124 0.6701 1
 -0.5199 2.3441 2
 -0.2525 2.5313 2
 0.274 1.8451 2
 0.2155 1.6015 1
 1.0411 1.7206 2
 0.6004 -1.2033 1
 -1.1768 1.7588 2
 -0.4547 1.7973 2
 -0.0223 -0.9616 1
 -0.0381 -1.2675 1
 -0.0257 -0.176 1
 0.113 -0.3657 1
 0.4844 -1.3195 1
 0.1667 -0.9227 1
 -0.7874 -2.5518 1
 -0.5171 -0.236 1
 -1.0846 1.3161 2
 -0.0536 1.0541 1
 -0.48 1.778 2
 -0.8338 1.6185 2
 0.3245 -2.3688 1
 2.2184 1.9349 2
 2.8707 2.37 2
 -1.1438 1.941 2
 -0.2442 1.3281 1
 0.2061 2.2542 2
 -0.5466 2.3655 2
 1.1669 1.8233 2
 -1.0041 1.905 2
 0.0429 1.6126 1
 -0.1415 2.4463 2
 0.0877 0.3711 1
 -0.0363 1.8661 1
 -2.5409 2.1919 2
 -0.1828 -0.6145 1
 1.8285 2.4269 2
 -0.6489 1.9242 2
 0.1103 1.8899 2
 -0.3343 -0.4061 1
 0.1269 1.9817 2
 0.1373 -0.1357 1
 -0.7708 2.2029 2
 -0.4332 1.1928 1
 3.2786 1.2316 2
 0.4943 1.7054 2
 0.4981 -0.2233 1
 0.0421 -0.9618 1
 -0.5915 1.6825 2
 -1.6755 1.4578 2
 2.4891 2.0947 2
 0.9276 2.0208 2
 -0.0462 2.3784 2
 -0.216 2.2243 2
 0.6863 1.837 2
 -0.1393 -0.37 1
 0.412 1.3608 1
 0.4565 0.1751 1
 -2.2936 2.3692 2
 -0.217 1.6066 2
 0.0268 -1.0787 1
 2.0563 1.9469 2
 0.3896 -0.5631 1
 1.0409 2.2326 2
 0.7622 1.6835 2
 -0.8033 1.871 2
 -1.8204 2.1469 2
 -0.1412 -0.3278 1
 -0.4534 -0.1209 1
 -0.5459 2.3203 2
 2.6718 2.8186 2
 -0.3078 -0.2173 1
 -0.1107 1.7216 1
 -0.6276 1.931 2
 -1.6175 1.9351 2
 -0.0867 -1.9886 1
 -0.1431 1.7002 1
 0.2706 2.0251 2
 -0.5334 2.68 2
 -0.4812 2.0784 2
 0.2394 2.4356 2
 -0.5229 -1.2641 1
 -0.5407 1.8107 2
 0.0983 0.2824 1
 -0.9851 2.1046 2
 2.579 1.9092 2
 -0.434 1.878 1
 -1.1558 1.8334 2
 0.1217 -3.5996 1
 0.1544 1.8506 2
 -0.0878 0.3498 1
 0.0378 -0.4458 1
 -0.0533 0.8435 1
 1.8394 1.5333 2
 0.0716 0.6107 1
 -1.2842 2.0125 2
 -2.6797 2.0365 2
 -0.6093 1.8512 1
 1.8049 1.9264 2
 -0.4035 1.8263 2
 0.715 1.7388 2
 0.138 1.9345 2
 -0.3546 -2.5738 1
 -0.0763 0.3522 1
 0.2462 1.9604 2
 0.2176 0.1732 1
 0.5308 0.8802 1
 -1.1426 2.3037 2
 -0.4342 1.8145 2
 1.0356 2.0302 2
 -0.1168 2.1565 2
 -0.3535 -1.1975 1
 0.2903 -1.7615 1
 -0.1731 -2.6983 1
 -0.4257 -0.2898 1
 0.1369 -0.0111 1
 0.1006 -1.1919 1
 1.7473 2.0553 2
 0.3367 1.989 2
 -0.0319 1.4583 1
 -0.8149 1.8665 2
 0.3458 0.4242 1
 -0.2302 0.6361 1
 -0.8276 2.1201 2
 0.2859 0.6115 1
 0.853 2.9252 2
 1.8161 2.1664 2
 0.6148 1.5991 2
 -0.2487 -0.5347 1
 0.07 2.1905 2
 -1.391 2.4626 2
 -0.1575 3.2543 1
 0.2827 -2.632 1
 0.0277 -0.3686 1
 -1.5961 1.5707 2
 1.0548 2.1325 2
 -2.5895 1.7085 2
 0.0412 1.6522 1
 1.2928 1.7271 2
 -0.1306 1.6228 1
 1.6169 1.9025 2
 -0.3256 0.9452 1
 1.2645 1.7471 2
 -0.985 1.8695 2
 1.1976 2.0918 2
 -1.5846 2.0913 2
 0.1859 -0.5348 1
 0.0653 -1.2958 1
 -1.0467 2.0653 2
 -0.5155 0.2339 1
 -0.0897 1.5233 1
 -1.6163 2.5866 2
 0.1038 1.1592 2
 -0.1544 0.0712 1
 0.4978 0.0006 1
 0.1073 0.7276 1
 3.0357 2.0576 2
 -2.1113 1.8693 2
 -0.3884 1.6156 2
 1.3134 1.8518 2
 -0.354 2.1449 2
 1.5864 2.3612 2
 -0.0851 -1.0921 1
 -1.7589 2.1 2
 -0.0463 -1.2327 1
 0.0177 0.3606 1
 3.421 1.787 2
 -0.2126 0.1601 1
 0.1142 2.434 2
 -0.3182 0.2403 1
 -0.47 1.3271 1
 1.1454 2.6164 2
 -0.16 0.5205 1
 -0.574 1.745 2
 -0.0425 1.9903 1
 -0.7244 1.9579 2
 -0.4529 1.3334 2
 0.0112 -0.6385 1
 0.407 -1.1577 1
 0.4051 3.5466 1
 -0.206 1.992 1
 -3.0915 1.8029 2
 -1.0041 2.2749 2
 -0.1379 -0.1976 1
 -0.1546 -1.3947 1
 -0.0987 1.7386 2
 0.4649 0.5982 1
 -0.9681 1.8627 2
 -0.1097 2.2564 2
 0.0804 2.5751 2
 -0.2169 0.6156 1
 0.656 2.2312 2
 -0.09 1.9655 2
 0.0083 2.2647 2
 -0.1615 0.7011 1
 1.1962 1.5089 2
 4.4829 2.4392 2
 -0.5274 1.8637 2
 0.4346 -0.6877 1
 -0.0467 2.0472 2
 -0.0197 0.8285 1
 -0.0565 -1.9918 1
 -0.7237 1.12 1
 0.3672 2.1088 1
 0.3229 0.8489 1
 2.6392 2.248 2
 -3.0469 1.9522 2
 0.2276 -0.3882 1
 0.4647 -1.3554 1
 0.0243 2.1221 2
 -0.1779 1.9411 2
 0.4115 0.3663 1
 1.781 2.4466 2
 -0.7058 1.295 1
 -0.0424 1.6869 2
 1.1618 1.6689 2
 -0.3518 -4.066 1
 0.289 -1.4155 1
 0.0428 -2.0585 1
 0.015 1.0226 1
 -0.1047 0.245 1
 -0.1118 2.0885 2
 1.7024 2.2243 2
 0.1395 1.4202 1
 0.2869 -0.368 1
 -1.1816 2.39 2
 -1.1295 1.7774 2
 -0.5274 1.8637 2
 -0.2513 2.7798 1
 -0.035 0.3455 1
 1.3398 1.6642 2
 0.5935 1.9445 2
 0.5878 1.9673 2
 -0.6441 1.6546 2
 0.2667 0.7401 1
 -0.7631 -0.2448 1
 -0.9351 2.2118 2
 -0.0972 -0.51 1
 -1.5907 1.5629 2
 0.2529 0.2692 1
 -0.5915 1.6825 2
 0.3917 1.3326 2
 0.0973 1.7662 1
 0.0817 2.2462 1
 -0.8478 2.5057 2
 0.5426 -2.9377 1
 -0.0762 2.3319 1
 -0.0293 -0.024 1
 -0.9202 2.2124 2
 -0.6557 2.0441 2
 0.1589 0.0994 1
 -0.1171 1.5597 1
 -0.1481 -1.5129 1
 0.5306 1.5937 1
 -0.2481 0.7506 1
 0.0588 0.976 1
 0.5389 2.4995 2
 0.1863 -0.0961 1
 -0.1002 2.543 2
 0.8595 2.8368 1
 0.14 1.5255 2
 1.273 1.9627 2
 0.1678 1.7981 2
 0.0242 -0.7398 1
 -0.2664 0.0013 1
 -0.1073 0.6052 1
 0.2377 0.6662 1
 0.2205 2.3643 2
 0.2705 1.5546 2
 0.2599 -1.8147 1
 -0.2668 0.8217 1
 1.4412 1.9952 2
 -0.0404 2.2038 2
 -0.4688 -0.2599 1
 -1.8202 2.1958 2
 0.6665 2.2238 2
 -0.7441 -2.3932 1
 -0.1298 1.4518 1
 -0.0787 -1.1717 1
 0.3841 -0.0033 1
 0.3105 -1.0112 1
 -0.4829 1.7137 2
 0.2741 1.1056 1
 -1.925 2.0866 2
 -0.3615 -0.0198 1
 -0.0525 1.0871 1
 0.0459 1.4823 2
 0.0878 2.2533 1
 -1.7751 2.1352 2
 2.4049 1.6804 2
 -0.2464 -0.8279 1
 -2.0505 1.5876 2
 1.1835 2.1007 2
 -0.0568 1.7056 1
 0.4703 -0.6524 1
 -0.1758 -0.8833 1
 0.7481 -0.7089 1
 0.1596 1.2894 1
 0.615 -0.1985 1
 -1.1688 1.784 2
 0.915 1.7835 2
 -0.3449 1.6573 2
 -0.1341 -3.6545 1
 -0.4445 2.2451 2
 -0.1544 2.1507 2
 0.6356 -1.4513 1
 0.1228 1.0358 1
 3.4884 2.2799 2
 -0.1448 0.3203 1
 -0.5227 3.0411 1
 0.0123 1.7569 2
 -0.1128 1.6196 1
 1.992 1.6788 2
 -0.1747 2.6233 1
 -1.0817 1.9866 2
 -0.4364 -1.4708 1
 -0.2759 -1.123 1
 -0.0515 2.1746 1
 0.0829 1.6363 1
 0.8344 1.6495 2
 0.7906 2.2908 2
 -0.0203 -0.884 1
 0.5051 1.6073 2
 1.0364 1.5641 2
 0.654 1.8102 2
 0.302 1.101 1
 -0.1441 1.9182 2
 -0.2383 1.7188 2
 -0.181 0.0925 1
 -0.1998 -1.038 1
 0.5242 -2.4234 1
 0.3266 -2.0897 1
 -1.1717 2.0112 2
 -0.5502 1.9676 2
 1.4274 2.3467 2
 -0.3952 -0.6428 1
 -1.6245 2.0042 2
 2.0536 2.0882 2
 -0.3847 2.0997 2
 0.6499 1.821 2
 1.1688 1.9297 2
 -0.0495 -0.1423 1
 0.4075 2.7173 1
 0.6833 1.8977 2
 -1.7428 1.5394 2
 -2.5415 1.958 2
 0.4803 0.5075 1
 0.5315 2.0877 2
 3.2826 2.3574 2
 -0.3506 -0.9256 1
 0.0686 2.1937 2
 -0.2273 1.0338 1
 -0.7559 1.7132 2
 0.0643 -1.6547 1
 -0.6908 2.4209 1
 -0.2351 -2.2622 1
 -0.477 1.8816 2
 0.1559 1.6464 1
 0.1932 -1.8221 1
 -2.9837 2.0602 2
 -2.0641 2.0107 2
 -0.3382 -1.1811 1
 0.3143 2.3115 2
 -0.0708 -0.2419 1
 3.1087 1.7388 2
 0.6956 0.5717 1
 0.3461 0.7172 1
 0.0823 1.4722 1
 0.1129 1.8522 2
 -0.0114 1.2891 1
 -0.3017 -1.1105 1
 0.2109 2.1407 2
 2.0183 2.527 2
 -1.4269 1.8965 2
 0.3728 -0.8332 1
 0.0804 1.8633 2
 -0.4579 2.3509 2
 0.1078 -1.4686 1
 0.2704 -0.8085 1
 -0.1392 0.9696 1
 2.1058 2.089 2
 0.0744 -1.9049 1
 0.2503 -1.1767 1
 -0.1544 1.0117 1
 -1.1189 2.238 2
 2.3561 1.9667 2
 -0.0886 -0.658 1
 -0.1991 -1.2694 1
 0.3053 -0.4584 1
 0.1382 0.8412 1
 -2.5229 2.1084 2
 3.1115 1.4053 2
 -2.3298 2.3649 2
 -0.4545 -0.5395 1
 1.5165 2.3757 2
 0.382 -1.8328 1
 -0.1972 2.1415 2
 0.2096 2.2685 2
 0.2674 0.8618 1
 -0.3151 -1.29 1
 -2.6564 2.0147 2
 2.2707 1.7802 2
 -0.4272 -1.6516 1
 -0.6582 2.3471 2
 0.3875 -1.2502 1
 -0.1864 1.3388 1
 0.3269 1.0189 1
 -0.0235 1.7848 2
 1.2565 1.6886 2
 0.4876 2.1623 2
 -0.1221 0.5069 1
 0.1701 -3.4084 1
 -0.5188 1.952 2
 -0.8797 1.9448 2
 -0.3141 2.2445 2
 1.5908 2.3337 2
 1.6935 1.8905 2
 1.2427 2.2836 2
 0.2553 1.1365 1
 0.9611 2.0057 2
 1.3972 1.7791 2
 0.2674 -1.3673 1
 -0.2415 0.7356 1
 -1.1341 1.7053 2
 1.2366 2.2546 2
 -1.8589 2.6691 2
 -1.0775 1.5403 2
 -0.8196 0.1558 1
 0.0412 -0.9259 1
 -1.2286 1.7532 2
 0.1028 0.4669 1
 1.9337 2.454 2
 0.9009 1.971 2
 -1.7278 2.2045 2
 -1.4567 1.9048 2
 0.105 1.649 2
 -0.1504 -0.3765 1
 0.3542 -0.1538 1
 0.3437 0.8549 1
 0.376 2.0374 1
 -1.2141 2.4079 2
 0.2482 2.1856 1
 0.0461 1.2104 1
 -0.333 0.4087 1
 0.2456 1.8525 1
 -1.2638 2.3678 2
 -0.7752 2.2711 1
 -0.1439 -2.2194 1
 0.0234 -1.6316 1
 0.1303 -0.8598 1
 -4.761 1.6172 2
 -0.4919 2.365 2
 -0.0459 1.6379 1
 1.4809 2.3078 2
 0.0693 1.2032 1
 -0.0935 -2.6453 1
 -1.6483 1.9985 2
 -1.159 1.8552 2
 -0.1228 0.0167 1
 0.4721 -1.5791 1
 -0.2074 1.7998 1
 0.0099 1.1035 1
 0.1457 -0.0165 1
 0.0914 0.1366 1
 -0.6758 2.2901 2
 0.2012 0.3757 1
 -0.2573 -0.8151 1
 0.8039 2.2469 2
 0.5742 -0.8596 1
 -0.0633 1.6653 1
 -2.8672 2.2661 2
 0.1405 -1.371 1
 -3.8451 1.381 2
 0.0847 -0.9076 1
 0.1332 1.3467 1
 -0.3362 0.1926 1
 -1.2439 1.691 2
 1.6779 1.9017 2
 0.4038 1.1773 1
 0.3726 0.7821 1
 1.2731 2.0463 2
 0.6324 2.0563 2
 -0.0124 2.1372 1
 -0.813 1.7903 2
 -2.541 1.5657 2
 2.0309 1.311 2
 -0.2726 1.8465 2
 -0.7122 2.2185 2
 -1.6282 2.1809 2
 -0.41 -1.6899 1
 0.909 1.5104 2
 -1.7018 1.9779 2
 -0.3933 0.2992 1
 1.1466 1.7154 2
 -1.8577 2.496 2
 -0.0512 1.6222 2
 -0.6907 2.173 2
 0.197 2.2928 2
 0.0468 -0.1635 1
 -2.0925 2.0508 2
 0.3689 -0.971 1
 0.0777 2.1323 2
 2.2093 1.6558 2
 -0.5114 1.8917 2
 0.2317 -1.0444 1
 0.6963 1.5042 2
 -1.3543 2.2585 2
 0.0235 2.0693 2
 -1.6745 1.6327 2
 -0.0542 2.0698 1
 3.3425 1.9689 2
 -1.5434 2.5344 2
 1.2478 1.7931 2
 -2.2443 1.9765 2
 -0.5807 1.5077 2
 0.4544 1.4335 1
 -2.0844 1.4917 2
 0.5165 1.9293 2
 -0.1672 -0.3486 1
 0.1545 2.2083 2
 0.1923 1.3657 1
 -1.1511 1.8285 2
 0.2746 0.7877 1
 -0.0805 1.8018 2
 -1.4392 2.0381 2
 0.6306 1.9194 2
 0.2994 -0.7614 1
 0.3921 0.3736 1
 0.3608 1.9624 2
 -1.2885 2.1278 2
 -0.3517 3.3383 1
 0.11 2.3237 2
 0.7471 2.2526 2
 -0.2296 -1.5164 1
 0.1555 -0.0122 1
 -0.8692 1.6683 2
 0.619 1.8753 2
 -0.1788 -4.5287 1
 0.1811 -0.0267 1
 0.8218 -2.1605 1
 -0.1439 0.1801 1
 -0.2296 -0.725 1
 0.1536 2.7332 1
 -0.4961 0.5714 1
 0.0492 -0.4901 1
 1.0241 2.5018 2
 0.6539 1.3062 1
 0.3778 2.3123 2
 1.923 1.7599 2
 -0.6439 1.6931 2
 1.9544 2.0464 2
 -0.3117 1.534 1
 0.2666 -0.6286 1
 0.2435 3.812 1
 -0.1392 2.1291 2
 0.3675 -0.385 1
 0.4489 2.2867 2
 -0.137 2.515 2
 -0.1208 1.3009 1
 -0.3542 1.5645 2
 -2.8019 2.2776 2
 0.9577 1.9722 2
 0.5948 1.7031 2
 -0.5197 1.9883 2
 -2.1944 1.9205 2
 -0.488 1.9034 2
 -1.5697 1.6279 2
 0.2233 0.8178 1
 -0.3657 -0.5381 1
 0.6412 1.6869 2
 -0.1564 1.2307 1
 -1.0467 1.6018 2
 -2.5142 1.9817 2
 -0.8062 1.9815 2
 0.4107 1.6834 2
 -0.0604 0.2856 1
 0.2219 1.6805 2
 -0.2015 0.3488 1
 0.8868 2.0543 2
 -0.3346 2.9989 1
 0.2201 -3.7344 1
 -1.6408 1.6621 2
 0.1403 -1.7962 1
 -0.0915 2.124 2
 -0.4143 2.4518 2
 1.9378 2.1781 2
 0.5053 1.8386 2
 -0.0178 -0.2796 1
 -0.7734 2.1353 2
 3.6002 1.956 2
 -0.3987 -1.1853 1
 -1.1389 1.7801 2
 0.6252 2.2518 1
 -0.956 1.8675 2
 -0.3879 3.3005 1
 -1.2453 2.0992 2
 -0.4554 1.1073 1
 0.0937 0.9802 1
 0.3759 -1.1551 1
 -1.0415 1.7497 2
 -0.1068 0.3238 1
 0.8455 2.4441 2
 0.2555 -0.8988 1
 0.0792 0.2031 1
 0.2299 -0.0292 1
 0.3885 0.0223 1
 0.1395 0.1157 1
 0.1656 -1.0283 1
 0.1249 1.904 2
 0.2373 -2.1804 1
 0.3464 0.9109 1
 -0.085 -0.3275 1
 -0.0103 -1.1917 1
 0.4847 -0.3167 1
 -2.7036 1.9536 2
 -1.885 1.725 2
 1.923 1.7599 2
 0.2004 0.2488 1
 0.8356 2.5254 2
 1.1748 1.4923 2
 -0.848 1.2619 2
 0.0706 3.4604 1
 0.2881 0.8752 1
 -0.1594 0.5585 1
 0.0232 1.0042 1
 0.512 -0.7391 1
 1.2601 1.6144 2
 1.0598 1.8677 2
 0.4339 1.6113 2
 -0.5754 1.4256 2
 0.3282 -1.1703 1
 0.5164 -0.9136 1
 1.0177 1.812 2
 -0.1444 1.9627 2
 1.111 2.3961 2
 2.258 1.8825 2
 -0.3383 0.6519 1
 -1.7124 1.7825 2
 -0.1275 1.7579 2
 -1.6073 1.8951 2
 0.1387 0.1493 1
 0.1462 0.8148 1
 0.0926 1.1261 1
 0.036 -1.0617 1
 0.7534 2.2998 2
 -0.1053 2.0819 1
 0.2249 0.1454 1
 -0.237 -0.3897 1
 0.5498 1.139 1
 0.3395 0.0404 1
 -0.7856 2.1535 2
 1.6956 2.4098 2
 0.2846 0.009 1
 0.2954 1.6215 2
 -0.0261 1.6254 1
 0.2325 2.1867 2
 0.1518 0.033 1
 0.2384 2.4223 2
 -1.7974 2.0528 2
 -0.5411 2.0079 2
 -0.1202 -1.0657 1
 -0.1045 3.1731 1
 2.5685 1.9336 2
 0.5202 0.6238 1
 0.009 0.0553 1
 0.1134 0.5665 1
 -0.3667 1.9867 2
 -0.004 0.7121 1
 -1.146 1.9289 2
 -1.4824 1.5714 2
 0.2555 -2.3402 1
 -2.0525 1.3952 2
 0.1569 0.5465 1
 -0.3917 -1.4278 1
 -1.9577 2.3656 2
 0.0076 -2.4535 1
 -1.1346 2.0369 2
 0.1412 -0.5803 1
 0.1412 0.3598 1
 0.1145 2.3688 1
 0.0014 0.983 1
 0.8653 2.2061 2
 -0.7713 1.2456 2
 0.2564 -0.1728 1
 2.4365 2.1682 2
 -0.0444 0.056 1
 -0.6623 1.8389 2
 1.1554 1.9632 2
 -0.5792 1.6141 2
 0.0497 0.9757 1
 0.1677 -0.1228 1
 -0.3936 -0.4128 1
 1.2061 2.3536 2
 2.1975 1.727 2
 0.3822 0.551 1
 -1.0849 2.0968 2
 -0.0801 1.9785 1
 1.1151 2.1685 2
 0.1291 2.1388 1
 -2.1751 2.0073 2
 -0.0825 -3.3402 1
 0.1928 1.8801 2
 -0.0766 -1.4874 1
 -0.1435 -0.3049 1
 -0.5313 -0.1985 1
 2.1714 1.7137 2
 -0.1858 2.1448 2
 -0.5145 1.8195 2
 0.0878 -0.3431 1
 0.2525 2.7527 2
 -0.0864 2.3838 2
 1.9401 2.1225 2
 0.4861 0.4488 1
 2.1918 1.9334 2
 -0.6996 1.9224 2
 -0.5822 2.1813 2
 0.4023 -0.6024 1
 1.0201 2.2722 2
 -0.158 -0.3077 1
 -0.0002 0.5016 1
 1.8234 1.8347 2
 0.1483 1.0176 1
 0.35 0.5016 1
 0.2024 1.3848 1
 -0.3069 -0.4864 1
 -0.5743 2.0282 2
 0.1163 2.2325 2
 -0.5469 2.3495 2
 -0.3488 1.1606 2
 0.4565 0.1751 1
 -0.0377 0.7245 1
 0.5264 1.6015 2
 0.1095 2.4008 2
 -0.0798 0.2752 1
 -0.0285 -1.5881 1
 0.2115 -0.9116 1
 3.4165 2.2026 2
 -0.023 0.9695 1
 2.3115 1.3314 2
 -0.1287 -0.7431 1
 0.3295 0.2029 1
 0.0544 -1.5097 1
 -0.3706 -0.2592 1
 -0.637 0.3479 1
 0.2236 1.5903 2
 0.4444 -3.656 1
 -3.1373 1.9699 2
 -0.2165 2.081 2
 -0.0143 1.4083 2
 0.606 2.562 2
 2.6653 2.0616 2
 -2.7053 2.3031 2
 0.4721 -1.5791 1
